LATENCY
1894186900.5491729
1894186929.130715
1894186897.098382
1894186911.826748
1894186908.590397
1894186912.3740208
1894186923.652773
1894186917.078096
1894186891.24106
1894186885.5204449
1894186888.979583
1894186888.903441
1894186879.708647
1894186870.308378
1894186888.409488
1894186878.011901
1894186865.867053
1894186886.5752409
1894186897.438263
1894186884.782742
1894186903.8375268
1894186887.1003559
1894186859.534736
1894186860.315502
1894186856.570092
1894186852.870669
1894186856.653399
1894186855.998551
1894186858.326782
1894186875.897847
1894186858.905545
1894186857.298292
1894186868.3132
1894186863.2086098
1894186892.927085
1894186881.667392
1894186884.758544
1894186891.3231459
1894186858.975297
1894186850.2375638
1894186866.7748048
1894186851.8392808
1894186857.342356
1894186842.457176
1894186847.623354
1894186853.0519788
1894186842.583907
1894186858.817122
1894186842.2344909
1894186852.0437138
1894186854.1454408
1894186844.937337
1894186853.4412298
1894186868.581141
1894186861.404986
1894186858.075405
1894186864.40707
1894186888.427229
1894186886.266269
1894186859.0849729
1894186866.411396
1894186881.492064
1894186913.050947
1894186904.424366
1894186901.125365
1894186889.272575
1894186898.1617968
1894186867.831301
1894186866.645361
1894186861.9679768
1894186870.7263708
1894186866.363348
1894186874.69506
1894186900.794376
1894186909.069403
1894186912.270568
1894186891.374069
1894186901.5040119
1894186900.15395
1894186921.1167128
1894186894.16186
1894186885.991683
1894186897.170079
1894186901.1326048
1894186919.786638
1894186914.832877
1894186894.347658
1894186888.660658
1894186892.150851
1894186924.5260339
1894186958.289342
1894186924.9990978
1894186947.3035269
1894186916.30003
1894186902.557312
1894186869.038502
1894186841.7225509
1894186850.544512
1894186854.1555378
1894186845.4427989
1894186853.049672
1894186843.2470188
1894186856.3416488
1894186868.42781
1894186847.116638
1894186847.1806688
1894186846.519456
1894186843.171458
1894186851.388445
1894186855.1927218
1894186855.9376688
1894186852.7749958
1894186854.757619
1894186859.803838
1894186842.296886
1894186868.234638
1894186861.150483
1894186861.72887
1894186858.767726
1894186865.274518
1894186885.5412128
1894186903.2946799
1894186890.0253348
1894186876.615327
1894186866.334734
1894186847.742878
1894186869.303285
1894186876.0727499
1894186873.14116
1894186878.62008
1894186857.403827
1894186862.894903
1894186881.869817
1894186893.393337
1894186887.433667
1894186885.716776
1894186890.171767
1894186888.080726
1894186890.8215039
1894186886.677132
1894186895.356401
1894186905.406215
1894186903.1368139
1894186894.641485
1894186895.39187
1894186885.942442
1894186885.6988468
1894186905.0605118
1894186907.0806289
1894186894.983908
1894186899.955
1894186907.0801158
1894186912.932783
1894186909.082012
1894186897.928351
1894186882.72892
1894186886.5361638
1894186867.1407309
1894186880.920472
1894186886.4789429
1894186877.7778509
1894186873.119439
1894186875.120447
1894186858.1960058
1894186870.131207
1894186857.2120109
1894186883.1715648
1894186894.469789
1894186885.537663
1894186896.710717
1894186878.0312748
1894186878.6666448
1894186864.869145
1894186860.4890728
1894186868.194943
1894186873.585799
1894186878.211603
1894186868.868918
1894186858.949281
1894186867.064558
1894186863.090051
1894186854.950588
1894186861.3031979
1894186853.0805628
1894186877.7175748
1894186899.577246
1894186899.0038009
1894186911.660382
1894186910.0292149
1894186915.897333
1894186935.543761
1894186936.709545
1894186939.426435
1894186946.300205
1894186923.096139
1894186916.287915
1894186911.337322
1894186918.539851
1894186914.543061
1894186921.6032748
1894186909.512611
1894186893.527067
1894186908.2522018
1894186903.347671
1894186898.179458
1894186901.906134
1894186900.398114
1894186899.374976
1894186906.663677
1894186915.9436018
1894186919.215978
1894186917.577879
1894186898.29452
1894186876.114344
1894186888.624197
1894186881.512738
1894186894.483075
1894186889.4952319
1894186909.0635178
1894186909.541878
1894186926.793525
1894186926.0177748
1894186943.40833
1894186960.8933098
1894186950.1302478
1894186954.967928
1894186924.0076208
1894186934.738335
1894186934.278853
1894186931.088671
1894186913.557067
1894186902.3997898
1894186866.006842
1894186863.3235638
1894186859.148931
1894186871.651752
1894186861.9306939
1894186846.649199
1894186868.8674068
1894186870.71113
1894186881.5264518
1894186872.685684
1894186880.2795758
1894186866.32141
1894187005.119825
1894205759.912298
1894205769.985334
1894205797.6733918
1894205796.582445
1894205762.307318
1894205779.863994
1894205767.8843338
1894205756.1145499
1894205758.092206
1894205747.728016
1894205745.4103868
1894205738.840992
1894205743.369509
1894205771.586942
1894205757.5595999
1894205749.1929018
1894205748.380785
1894205720.8776538
1894205722.7348309
1894205709.0784469
1894205721.2585928
1894205713.6298618
1894205717.2582278
1894205707.171723
1894205711.480016
1894205700.946007
1894205708.389153
1894205709.314728
1894205698.331553
1894205704.8182158
1894205709.578526
1894205713.987999
1894205707.3094969
1894205708.703384
1894205704.382017
1894205703.136611
1894205707.022369
1894205720.2494378
1894205701.3234148
1894205711.089814
1894205719.905545
1894205710.9576938
1894205717.54175
1894205724.609717
1894205724.052441
1894205736.786805
1894205719.7082028
1894205731.290494
1894205733.13269
1894205722.552543
1894205728.7893898
1894205721.1732519
1894205711.512673
1894205718.989143
1894205723.75053
1894205767.4868648
1894205777.918129
1894205788.9472508
1894205743.280673
1894205727.389165
1894205735.512589
1894205727.6577158
1894205748.272589
1894205734.64058
1894205720.4591389
1894205734.317065
1894205744.1057088
1894205737.889448
1894205743.424095
1894205735.417784
1894205719.4926028
1894205733.766495
1894205725.662379
1894205737.4803228
1894205752.6663659
1894205764.2705278
1894205785.722246
1894205778.7030878
1894205777.220656
1894205811.6010928
1894205784.4713368
1894205770.4722989
1894205760.289881
1894205751.642439
1894205763.777293
1894205748.741668
1894205763.0006409
1894205766.4795249
1894205760.305446
1894205750.361456
1894205766.4692829
1894205771.427366
1894205759.327245
1894205754.4996848
1894205744.0876088
1894205774.8562028
1894205799.788925
1894205811.35359
1894205803.2576299
1894205811.034889
1894205782.646448
1894205777.803099
1894205807.8342938
1894205745.4769819
1894205727.575451
1894205754.49448
1894205748.265723
1894205721.8277879
1894205731.3789458
1894205716.7343729
1894205718.065172
1894205719.8019788
1894205744.1715848
1894205743.278913
1894205788.4966168
1894205787.8035798
1894205785.849905
1894205789.62586
1894205789.933344
1894205818.314092
1894205778.415691
1894205782.2872448
1894205789.411737
1894205781.660377
1894205756.7436779
1894205754.204578
1894205744.8736448
1894205731.7609239
1894205734.9593449
1894205747.115865
1894205757.29426
1894205762.1247609
1894205761.2374558
1894205786.7223608
1894205780.1846528
1894205759.337301
1894205766.336094
1894205759.2642639
1894205743.204927
1894205755.6415288
1894205742.6036289
1894205734.315928
1894205733.720335
1894205755.546329
1894205751.346194
1894205745.2826529
1894205745.0429318
1894205737.988062
1894205723.5612938
1894205740.815649
1894205729.137986
1894205728.770846
1894205727.184198
1894205735.727026
1894205724.80614
1894205733.639284
1894205746.4958448
1894205749.2850409
1894205738.290866
1894205742.8186069
1894205724.9879248
1894205736.650578
1894205731.182546
1894205728.231751
1894205717.208979
1894205728.36564
1894205724.966708
1894205723.25419
1894205743.2422788
1894205735.907297
1894205728.3854618
1894205727.649314
1894205743.5567448
1894205738.537575
1894205728.011158
1894205730.6467738
1894205756.0768468
1894205779.2000859
1894205752.886421
1894205756.09075
1894205743.3168478
1894205745.9851768
1894205732.5923378
1894205740.153071
1894205705.423631
1894205713.513331
1894205727.2376149
1894205714.798491
1894205722.9521668
1894205723.927713
1894205716.169926
1894205717.7441318
1894205706.344645
1894205699.5265899
1894205717.4940228
1894205720.488183
1894205702.4677348
1894205705.533089
1894205716.72323
1894205712.2600038
1894205709.230566
1894205699.321177
1894205703.6941679
1894205709.001809
1894205695.2828739
1894205702.984823
1894205716.1841638
1894205702.430763
1894205713.24254
1894205708.9453418
1894205727.0822139
1894205723.560683
1894205707.277829
1894205709.741328
1894205722.4314759
1894205746.925334
1894205750.9167528
1894205770.0843408
1894205735.293988
1894205738.0501618
1894205723.3088129
1894205729.866417
1894205733.169472
1894205719.7456808
1894205726.14074
1894205729.936411
1894205722.2825649
1894205745.027673
1894205783.109753
1894205815.7879279
1894205821.839005
1894205828.009326
1894205836.05557
1894205804.4248319
1894205784.207399
1894205747.5987449
1894205735.734619
1894205715.7596319
1894205710.352437
1894205709.372838
1894205701.627687
1894205716.6581378
1894205712.466583
1894205704.920902
1894205704.093909
1894205710.582324
1894205692.24381
1894205703.518481
1894205703.559583
1894205690.3264759
1894205694.349418
1894205697.6180449
1894205701.895906
1894205691.375768
1894205697.7150328
1894205706.5207648
1894205716.9055629
1894205706.803911
1894205726.392251
1894205743.1598399
1894205767.713605
1894205764.76227
1894205761.1356769
1894205776.896771
1894205766.0920029
1894205762.366503
1894205797.070345
1894205767.6672459
1894205759.293532
1894205747.565577
1894205745.468952
1894205731.3499608
1894205748.4216268
1894205745.755167
1894205727.432006
1894205745.48663
1894205712.038679
1894205721.221248
1894205718.358999
1894205713.220038
1894205697.470011
1894205714.160902
1894205716.017324
1894205719.9378529
1894205731.8249018
1894205726.327427
1894205749.905803
1894205755.786141
1894205756.849906
1894205759.3497188
1894205759.640635
1894205738.3675048
1894205766.520957
1894205766.5150878
1894205771.83604
1894205778.174705
1894205773.614058
1894205751.0570478
1894205743.141953
1894205746.687445
1894205745.8220189
1894205728.72572
1894205730.0861568
1894205748.234
1894205735.8241248
1894205725.303393
1894205745.7814538
1894205752.779794
1894205745.922138
1894205763.82319
1894205746.609346
1894205721.428464
1894205712.3345149
1894205722.4754739
1894205709.1928298
1894205713.7143588
1894205711.654311
1894205709.634902
1894205729.930981
1894205714.279569
1894205713.689311
1894205723.153883
1894205727.10657
1894205749.221514
1894205738.254885
1894205744.063629
1894205745.988468
1894205718.091558
1894205709.231526
1894205725.0673919
1894205712.218783
1894205715.527792
1894205704.2781649
1894205705.532805
1894205710.891779
1894205698.537092
1894205717.497442
1894205702.0079248
1894205711.7060199
1894205715.918072
1894205703.167074
1894205712.725401
1894205719.6635249
1894205719.949761
1894205710.558023
1894205721.922417
1894205747.267858
1894205731.7761018
1894205716.801445
1894205724.857744
1894205743.091198
1894205771.773324
1894205761.5046139
1894205752.975144
1894205750.7226958
1894205755.9880948
1894205717.1348329
1894205724.09552
1894205720.044334
1894205736.557263
1894205725.383878
1894205732.459647
1894205745.2581139
1894205763.343901
1894205766.893499
1894205767.725745
1894205763.790506
1894205753.4447849
1894205760.0349538
1894205759.034864
1894205778.547175
1894205755.725736
1894205745.020493
1894205746.0157518
1894205776.753743
1894205759.893769
1894205780.36479
1894205771.7786899
1894205752.770319
1894205748.424469
1894205746.03855
1894205783.402649
1894205813.870801
1894205784.6687949
1894205806.2978399
1894205773.3202128
1894205761.17626
1894205726.9727318
1894205698.7438009
1894205708.072686
1894205710.7185218
1894205706.2165089
1894205713.157852
1894205701.243392
1894205711.079063
1894205723.388325
1894205700.397459
1894205706.7811358
1894205707.05961
1894205700.023767
1894205705.2493658
1894205713.4687119
1894205714.771833
1894205709.749709
1894205713.313248
1894205723.969971
1894205699.227298
1894205725.1146338
1894205720.682703
1894205716.7868588
1894205727.1781938
1894205731.842687
1894205742.777376
1894205766.137959
1894205754.13712
1894205743.9986858
1894205733.5719678
1894205705.265158
1894205726.695114
1894205736.461632
1894205729.861487
1894205732.103874
1894205712.5712788
1894205723.38494
1894205737.42478
1894205751.553211
1894205744.623539
1894205745.449981
1894205751.539824
1894205745.715448
1894205751.1584818
1894205747.8592439
1894205748.844235
1894205763.800647
1894205758.000504
1894205755.18693
1894205753.7214088
1894205746.9683778
1894205743.6738288
1894205764.445932
1894205769.0552578
1894205752.878592
1894205760.685611
1894205764.0674548
1894205776.152823
1894205767.20762
1894205768.2467818
1894205756.997547
1894205747.082357
1894205744.4353318
1894205732.1848419
1894205734.860967
1894205744.6449158
1894205735.8127098
1894205725.454901
1894205730.775321
1894205713.920107
1894205710.791046
1894205733.705191
1894205719.132391
1894205744.0503259
1894205753.233975
1894205743.526325
1894205756.567147
1894205744.490584
1894205737.090483
1894205724.098883
1894205717.847754
1894205728.691412
1894205727.190249
1894205738.3607218
1894205730.8065798
1894205720.1575458
1894205732.78496
1894205724.159453
1894205714.867853
1894205724.60129
1894205719.6305058
1894205735.5854628
1894205733.2127268
1894205760.8406289
1894205762.104162
1894205769.2556858
1894205767.338434
1894205774.0266109
1894205796.327751
1894205797.225231
1894205796.649891
1894205808.512811
1894205781.770509
1894205774.2599978
1894205768.278822
1894205784.27594
1894205774.174551
1894205781.516439
1894205768.221127
1894205753.495319
1894205765.802047
1894205765.525861
1894205759.499641
1894205761.631291
1894205757.6586008
1894205760.9628139
1894205768.64914
1894205777.418519
1894205780.7732959
1894205779.434382
1894205756.79539
1894205730.317586
1894205745.485853
1894205740.581125
1894205754.480079
1894205750.364768
1894205764.76458
1894205772.995401
1894205767.8771138
1894205781.461501
1894205784.503778
1894205804.622881
1894205819.597123
1894205811.58938
1894205814.3476598
1894205784.109691
1894205773.1615138
1894205792.5157158
1894205794.251925
1894205789.9182808
1894205772.7353609
1894205760.6191728
1894205724.789845
1894205723.328776
1894205715.053283
1894205734.3702679
1894205720.9580069
1894205709.8967888
1894205729.0847619
1894205732.322027
1894205741.0289888
1894205732.46255
1894205734.364174
1894205726.103999
1894205865.7975829
1894224597.328326
1894224619.84567
1894224632.21297
1894224658.899746
1894224652.2181668
1894224619.6358428
1894224641.329835
1894224626.379299
1894224617.533669
1894224619.759181
1894224608.0688288
1894224607.131537
1894224596.3728158
1894224600.926853
1894224626.996513
1894224618.546135
1894224608.8746378
1894224600.190598
1894224581.37743
1894224586.496079
1894224570.619386
1894224575.0311139
1894224563.273514
1894224576.71674
1894224565.3001318
1894224573.0933619
1894224558.6940608
1894224564.7387888
1894224568.695061
1894224561.8978028
1894224566.0040789
1894224571.5660648
1894224564.970224
1894224563.173895
1894224570.718421
1894224561.015183
1894224565.12918
1894224564.22626
1894224573.2709298
1894224564.173261
1894224568.6302378
1894224578.4744608
1894224567.682638
1894224581.1380749
1894224589.8860729
1894224590.3209789
1894224599.024523
1894224581.4537048
1894224591.988312
1894224595.680805
1894224582.088923
1894224591.3844528
1894224585.860365
1894224572.747506
1894224582.4178379
1894224581.662859
1894224575.289021
1894224618.758512
1894224624.094842
1894224639.0726619
1894224645.807477
1894224606.14047
1894224589.454942
1894224594.386919
1894224589.36094
1894224604.741026
1894224594.246213
1894224580.312588
1894224595.614701
1894224601.7590039
1894224595.42179
1894224606.098404
1894224596.6521878
1894224581.829088
1894224592.480253
1894224584.16073
1894224601.604482
1894224590.794852
1894224602.5717678
1894224618.9749389
1894224626.127578
1894224647.075567
1894224638.0526989
1894224637.1457589
1894224664.4489028
1894224644.214671
1894224629.633862
1894224616.224848
1894224607.901716
1894224623.602304
1894224612.6955118
1894224623.2155988
1894224622.86864
1894224621.684532
1894224609.800387
1894224627.1932569
1894224631.2670739
1894224618.960495
1894224611.788446
1894224599.947917
1894224621.287535
1894224637.192752
1894224638.499589
1894224662.1276228
1894224648.989096
1894224674.2585678
1894224664.737119
1894224672.4155939
1894224641.73482
1894224636.985066
1894224662.3560119
1894224601.9834208
1894224590.8508558
1894224611.769052
1894224608.123381
1894224584.7672338
1894224595.242241
1894224577.129102
1894224578.4480488
1894224583.1408448
1894224600.343555
1894224601.194557
1894224648.064632
1894224654.101862
1894224641.3403828
1894224657.0635948
1894224645.9326909
1894224647.618285
1894224669.983985
1894224638.311977
1894224645.671351
1894224653.2234058
1894224645.0503168
1894224617.1850128
1894224617.1098628
1894224605.1540399
1894224590.056459
1894224595.3362648
1894224605.828966
1894224616.2978618
1894224618.630152
1894224625.209856
1894224650.823915
1894224640.2523918
1894224621.337349
1894224632.6606429
1894224624.4034848
1894224608.4564328
1894224615.1810699
1894224606.40811
1894224593.2621038
1894224593.952164
1894224617.266866
1894224610.28636
1894224601.486167
1894224600.952996
1894224591.241319
1894224588.3785589
1894224598.813907
1894224594.766474
1894224588.3980489
1894224582.474004
1894224595.7958639
1894224584.8782928
1894224582.636291
1894224590.243964
1894224603.407831
1894224609.541853
1894224592.586212
1894224596.050315
1894224582.044592
1894224599.832407
1894224587.458313
1894224593.221829
1894224575.0232139
1894224588.303624
1894224580.57498
1894224580.716714
1894224601.268996
1894224596.4825468
1894224588.441345
1894224584.1886818
1894224603.4575279
1894224595.300747
1894224585.2526429
1894224589.334024
1894224611.654757
1894224634.8758368
1894224612.054807
1894224610.9707088
1894224596.115059
1894224596.4026759
1894224583.204017
1894224589.7397509
1894224562.002815
1894224569.6734068
1894224584.802599
1894224572.090417
1894224576.866153
1894224582.575441
1894224571.898517
1894224583.1467419
1894224573.029641
1894224563.5698938
1894224576.654588
1894224588.9090848
1894224564.386961
1894224565.118975
1894224579.3050718
1894224565.625048
1894224568.791415
1894224556.1559088
1894224561.37851
1894224564.705765
1894224555.3295028
1894224565.125087
1894224575.3529558
1894224560.723038
1894224572.834882
1894224569.405089
1894224588.7735958
1894224591.530743
1894224569.241704
1894224571.9890518
1894224582.7099628
1894224607.650137
1894224618.597163
1894224608.2476828
1894224634.09247
1894224598.8778908
1894224590.5557518
1894224583.749626
1894224583.6101499
1894224598.4165008
1894224588.0551538
1894224592.5731099
1894224600.449275
1894224583.775331
1894224606.724989
1894224637.537063
1894224675.522817
1894224682.714998
1894224692.0363028
1894224698.0713508
1894224664.937559
1894224644.1065118
1894224604.108984
1894224595.206866
1894224586.069612
1894224574.0195549
1894224575.271072
1894224563.851256
1894224575.811589
1894224576.180534
1894224569.8427248
1894224579.145269
1894224578.9371428
1894224557.563855
1894224567.00102
1894224568.2376049
1894224549.852191
1894224554.350328
1894224563.369251
1894224569.026433
1894224556.4841728
1894224558.759274
1894224563.8992739
1894224576.1910448
1894224563.246829
1894224579.9204638
1894224601.8967779
1894224625.5955808
1894224621.363571
1894224620.3730679
1894224632.402329
1894224621.5584278
1894224620.620122
1894224659.4445999
1894224627.1424248
1894224617.0440829
1894224607.580144
1894224605.695819
1894224594.08618
1894224575.2963588
1894224592.544993
1894224600.833513
1894224589.2417629
1894224606.18697
1894224571.5484169
1894224587.5856159
1894224574.840981
1894224572.982153
1894224558.037045
1894224571.8469129
1894224576.319752
1894224574.166103
1894224591.369413
1894224580.9328809
1894224611.538908
1894224612.2759888
1894224616.4444158
1894224618.06285
1894224614.290076
1894224604.9655678
1894224627.1311698
1894224627.932317
1894224627.539536
1894224639.686574
1894224638.113503
1894224605.425325
1894224602.0725958
1894224606.639405
1894224600.08373
1894224587.412503
1894224589.656833
1894224601.642715
1894224597.759775
1894224585.179978
1894224605.055194
1894224614.0045898
1894224603.256254
1894224621.4403698
1894224608.783079
1894224579.46167
1894224574.8240838
1894224578.192286
1894224570.72681
1894224571.488853
1894224569.020746
1894224569.9596329
1894224588.358959
1894224571.3942819
1894224575.5979729
1894224585.445495
1894224585.8925688
1894224610.424039
1894224599.607241
1894224600.49142
1894224607.9673028
1894224578.455082
1894224569.4217129
1894224584.7996678
1894224571.649914
1894224578.023306
1894224563.582175
1894224569.8341908
1894224571.666456
1894224559.8309069
1894224577.015632
1894224563.416575
1894224569.748242
1894224575.32209
1894224562.134028
1894224568.9077408
1894224586.844863
1894224576.880924
1894224572.586048
1894224584.4620469
1894224607.3915858
1894224591.821385
1894224575.257776
1894224584.7299159
1894224604.2572079
1894224631.512862
1894224623.563113
1894224621.8104198
1894224610.706794
1894224615.3080368
1894224580.55337
1894224579.3621519
1894224580.659106
1894224592.7924888
1894224585.682958
1894224590.9696379
1894224605.224649
1894224619.718436
1894224625.9537818
1894224633.2285678
1894224624.811347
1894224612.992954
1894224620.55952
1894224619.333606
1894224632.7321749
1894224613.6088579
1894224606.162859
1894224611.6086059
1894224635.225821
1894224621.298058
1894224640.988865
1894224640.63853
1894224610.7010179
1894224606.742368
1894224604.3997219
1894224642.47436
1894224673.0576808
1894224640.6722188
1894224663.1552699
1894224630.620735
1894224619.752349
1894224586.828791
1894224557.028023
1894224565.1897929
1894224569.113952
1894224560.582111
1894224571.566648
1894224559.8679729
1894224572.5570629
1894224587.019068
1894224562.6034038
1894224559.834853
1894224562.230017
1894224558.813539
1894224564.6880379
1894224576.051455
1894224574.5738368
1894224568.80914
1894224572.7966058
1894224575.059903
1894224554.621939
1894224582.897506
1894224579.1577258
1894224577.8827589
1894224577.613039
1894224581.9645898
1894224599.849532
1894224624.022737
1894224607.66238
1894224593.261652
1894224580.9453578
1894224565.191911
1894224583.954268
1894224591.960379
1894224589.2047
1894224590.035439
1894224570.424099
1894224580.270684
1894224595.9985769
1894224612.573752
1894224603.4254248
1894224605.1699939
1894224611.118826
1894224605.6984649
1894224605.506245
1894224602.894214
1894224608.795187
1894224622.4743838
1894224620.2184858
1894224609.440626
1894224612.4599068
1894224602.119226
1894224600.26646
1894224622.0792148
1894224624.4054968
1894224613.507031
1894224616.2016609
1894224625.685999
1894224632.0703309
1894224625.460249
1894224627.6710129
1894224616.436548
1894224605.190467
1894224601.9943938
1894224590.6859078
1894224597.73225
1894224607.9494
1894224597.026438
1894224583.4010959
1894224602.7354078
1894224608.7261548
1894224576.395941
1894224587.908412
1894224585.0952158
1894224601.579254
1894224615.2227829
1894224602.881727
1894224622.213027
1894224598.6134439
1894224599.246055
1894224583.5202148
1894224575.1269479
1894224586.7321289
1894224586.9660099
1894224596.6765609
1894224591.970393
1894224579.251201
1894224588.4635508
1894224589.237279
1894224575.1890528
1894224577.2296689
1894224569.0159209
1894224588.8331778
1894224589.405813
1894224619.4328709
1894224619.620766
1894224628.7694569
1894224627.073849
1894224633.8386428
1894224654.7312648
1894224656.1337838
1894224655.214563
1894224664.781813
1894224639.4370968
1894224632.158676
1894224633.1175468
1894224636.250105
1894224632.2869918
1894224638.165459
1894224626.0765939
1894224617.132933
1894224624.208513
1894224630.175225
1894224617.01382
1894224623.229385
1894224615.504794
1894224618.21051
1894224624.5752099
1894224632.1078959
1894224637.201215
1894224634.055085
1894224614.159179
1894224588.800277
1894224603.354735
1894224598.898656
1894224610.0867069
1894224609.3867
1894224622.125923
1894224627.200775
1894224628.1753209
1894224638.7026598
1894224643.9945228
1894224662.396956
1894224678.5303469
1894224668.682734
1894224673.158077
1894224643.3107798
1894224633.107854
1894224649.475983
1894224652.144353
1894224654.970932
1894224629.98786
1894224617.257586
1894224584.0534148
1894224578.491402
1894224575.043421
1894224588.8776898
1894224582.596114
1894224567.5355718
1894224585.355789
1894224584.564805
1894224601.7883558
1894224590.970234
1894224595.202998
1894224583.3777049
1894224723.5891058
1894243449.588155
1894243473.13782
1894243489.471758
1894243515.225215
1894243507.5013418
1894243477.9398098
1894243498.216418
1894243481.2571878
1894243475.48313
1894243467.3104198
1894243464.080832
1894243461.405304
1894243453.877363
1894243458.3750958
1894243484.6264348
1894243477.388207
1894243467.2952669
1894243460.8140528
1894243440.465786
1894243441.114641
1894243428.6911619
1894243432.5316129
1894243424.453954
1894243434.247083
1894243423.928217
1894243430.4693189
1894243416.627826
1894243423.5432608
1894243426.629624
1894243414.643733
1894243426.949353
1894243430.715523
1894243424.058198
1894243421.188375
1894243425.034205
1894243419.2514598
1894243421.8251898
1894243423.549346
1894243430.7733638
1894243417.962086
1894243426.4608989
1894243437.518703
1894243428.246104
1894243438.9032838
1894243446.358698
1894243443.696338
1894243456.4723399
1894243440.1163988
1894243450.910455
1894243454.13745
1894243441.6579108
1894243445.170769
1894243441.630813
1894243433.971092
1894243439.6318278
1894243440.534545
1894243433.214989
1894243477.149235
1894243483.770138
1894243496.8359108
1894243506.1303458
1894243461.371367
1894243446.8976939
1894243452.053596
1894243448.755353
1894243462.2380328
1894243452.5084069
1894243439.1266868
1894243453.049705
1894243459.035625
1894243455.85078
1894243464.8714628
1894243453.560052
1894243441.387708
1894243451.214063
1894243442.838013
1894243455.2482848
1894243449.577725
1894243458.029554
1894243467.6202269
1894243482.9097018
1894243504.4294338
1894243496.683238
1894243492.652174
1894243526.414039
1894243501.779346
1894243486.451238
1894243477.737983
1894243466.190023
1894243481.3965838
1894243464.665665
1894243481.8517408
1894243475.69694
1894243478.620904
1894243465.326726
1894243486.643903
1894243486.973857
1894243477.4373128
1894243470.68886
1894243458.3865569
1894243482.0442748
1894243491.2727408
1894243495.668552
1894243518.030313
1894243508.05755
1894243529.828518
1894243523.422217
1894243532.336241
1894243500.3638299
1894243495.428047
1894243522.9567778
1894243464.6849399
1894243443.288221
1894243475.902179
1894243467.9761288
1894243441.497227
1894243453.773002
1894243434.585176
1894243439.3371768
1894243444.451948
1894243458.5577838
1894243462.422057
1894243503.1633098
1894243503.382954
1894243498.30442
1894243514.110921
1894243504.6728928
1894243505.727993
1894243532.4559028
1894243498.750947
1894243504.105871
1894243508.069356
1894243505.323319
1894243477.0490909
1894243475.011303
1894243461.020438
1894243451.626801
1894243452.221294
1894243463.117543
1894243475.813858
1894243478.617488
1894243479.7741618
1894243508.3001058
1894243499.9395719
1894243478.884213
1894243488.298347
1894243476.4752798
1894243462.158977
1894243473.8138769
1894243462.478268
1894243452.980661
1894243452.539708
1894243475.4688659
1894243469.1526449
1894243467.5401719
1894243456.095806
1894243446.804221
1894243445.6530368
1894243459.642936
1894243454.5279748
1894243448.607625
1894243442.2227309
1894243453.851192
1894243440.2971458
1894243440.729306
1894243451.835152
1894243463.306042
1894243467.0720499
1894243448.7462058
1894243458.3706279
1894243443.2415159
1894243454.821769
1894243447.256162
1894243446.229363
1894243440.7744038
1894243446.43601
1894243445.388877
1894243440.814384
1894243461.508344
1894243449.0940518
1894243447.67465
1894243445.659185
1894243462.597848
1894243457.397282
1894243449.219522
1894243449.099072
1894243470.0578609
1894243490.8228889
1894243466.94432
1894243471.906875
1894243453.7548409
1894243456.363735
1894243445.4202049
1894243449.7871099
1894243421.166303
1894243430.48455
1894243443.667721
1894243432.8330119
1894243437.09894
1894243442.478384
1894243430.319902
1894243434.990748
1894243427.9101448
1894243418.159402
1894243450.684562
1894243437.8866959
1894243421.363196
1894243422.092429
1894243439.986284
1894243424.579201
1894243432.7004528
1894243421.3917038
1894243423.3456519
1894243433.7513719
1894243415.243213
1894243419.915731
1894243434.3210459
1894243422.0009809
1894243432.171437
1894243427.6250439
1894243442.9168248
1894243440.6816468
1894243424.6813588
1894243428.2469618
1894243436.9661288
1894243469.240196
1894243471.633833
1894243464.4813268
1894243490.518296
1894243455.372421
1894243446.8316488
1894243437.091384
1894243441.485693
1894243451.243857
1894243438.091434
1894243445.1056318
1894243450.437002
1894243435.2873468
1894243461.430182
1894243491.6327689
1894243533.1348488
1894243543.4851859
1894243547.9214919
1894243556.036656
1894243522.408269
1894243501.052743
1894243462.148303
1894243448.155622
1894243436.059228
1894243433.499511
1894243426.789615
1894243419.3241248
1894243429.457423
1894243431.003965
1894243420.582813
1894243427.2749019
1894243425.51436
1894243411.45926
1894243424.159952
1894243427.5487468
1894243411.527796
1894243414.415015
1894243414.854133
1894243425.605512
1894243412.43434
1894243417.56739
1894243423.606905
1894243437.961591
1894243427.6450949
1894243439.581959
1894243465.360975
1894243489.0278509
1894243488.376716
1894243480.4983559
1894243491.883647
1894243478.421501
1894243479.850867
1894243505.751479
1894243487.233104
1894243481.335121
1894243470.545737
1894243463.8472629
1894243450.411702
1894243431.0025668
1894243459.4917178
1894243458.043402
1894243446.131855
1894243469.461179
1894243437.3069549
1894243441.7766368
1894243431.9204638
1894243434.6990519
1894243418.4463549
1894243424.8575249
1894243435.4800298
1894243430.847782
1894243451.6456869
1894243441.835981
1894243470.03209
1894243472.331579
1894243473.695211
1894243479.589931
1894243475.2933838
1894243459.392583
1894243484.348891
1894243488.680116
1894243490.6351068
1894243504.5768108
1894243491.497599
1894243471.5186598
1894243463.493547
1894243467.3345258
1894243455.537519
1894243444.6912289
1894243450.356714
1894243456.655166
1894243456.7303898
1894243443.7923958
1894243466.063072
1894243474.1005208
1894243461.202337
1894243481.943048
1894243468.379536
1894243438.1432629
1894243427.4679499
1894243431.890748
1894243431.3724399
1894243432.7969408
1894243426.9133449
1894243429.4190578
1894243449.328091
1894243432.395581
1894243434.192442
1894243444.74786
1894243441.38739
1894243465.626806
1894243456.8843648
1894243455.730829
1894243467.936241
1894243441.5176039
1894243428.509137
1894243443.777458
1894243432.352687
1894243434.277122
1894243425.531569
1894243428.722061
1894243425.6751368
1894243417.6841278
1894243430.2996528
1894243416.926576
1894243428.3830879
1894243433.037251
1894243421.0636299
1894243426.5377479
1894243435.809063
1894243433.84261
1894243439.961169
1894243442.31842
1894243478.186101
1894243476.402186
1894243461.043236
1894243460.701484
1894243465.2861228
1894243489.6760218
1894243481.3715558
1894243473.6011338
1894243468.2616498
1894243479.981575
1894243450.79048
1894243448.7474349
1894243445.4908729
1894243446.7367208
1894243446.966646
1894243452.288504
1894243462.801944
1894243484.4628708
1894243485.012822
1894243487.826376
1894243482.404327
1894243473.1996288
1894243476.45058
1894243482.270062
1894243497.259785
1894243469.9436479
1894243463.1990469
1894243476.921943
1894243495.144059
1894243479.6517859
1894243499.0078819
1894243492.952276
1894243467.162422
1894243465.0662348
1894243463.524308
1894243501.511389
1894243531.869669
1894243500.1595368
1894243523.810463
1894243489.6241739
1894243477.438542
1894243445.34016
1894243418.440132
1894243433.6453948
1894243432.8574338
1894243420.82564
1894243431.874415
1894243423.8679368
1894243436.363461
1894243445.3050559
1894243415.704151
1894243420.467996
1894243426.9071438
1894243419.893323
1894243424.209468
1894243430.0181859
1894243431.053928
1894243425.450413
1894243432.6597989
1894243432.0501368
1894243414.129314
1894243446.8035128
1894243441.994747
1894243436.1955378
1894243434.405804
1894243445.7708418
1894243460.875854
1894243481.4369729
1894243470.5014749
1894243456.059819
1894243442.451707
1894243427.257197
1894243449.913508
1894243458.7628639
1894243447.668114
1894243450.974799
1894243435.117576
1894243443.450016
1894243454.9495199
1894243477.0103788
1894243463.06104
1894243464.099612
1894243470.4160268
1894243462.306331
1894243465.1897368
1894243460.491597
1894243473.8078969
1894243482.920116
1894243481.22925
1894243474.3214638
1894243472.3703408
1894243469.082957
1894243460.077225
1894243482.92817
1894243486.985756
1894243473.168387
1894243477.507952
1894243481.466205
1894243488.523396
1894243484.9209888
1894243489.4750218
1894243478.776717
1894243461.442582
1894243460.155622
1894243439.628469
1894243451.094663
1894243465.302991
1894243454.786392
1894243441.270452
1894243445.933956
1894243431.9002419
1894243425.9498959
1894243447.2470138
1894243438.7117739
1894243459.6373389
1894243476.099449
1894243463.597281
1894243472.358058
1894243456.412339
1894243461.269255
1894243446.9131708
1894243435.303474
1894243444.796891
1894243444.635516
1894243455.005298
1894243447.1363049
1894243437.9020739
1894243444.497702
1894243440.381737
1894243432.5000799
1894243436.610854
1894243428.192921
1894243449.2973459
1894243446.3148198
1894243476.3105688
1894243474.700994
1894243486.215637
1894243485.1219358
1894243487.6259239
1894243512.4590938
1894243513.9359188
1894243518.957119
1894243522.496122
1894243497.869488
1894243492.3599038
1894243485.401408
1894243493.167363
1894243491.514382
1894243504.442905
1894243484.5480108
1894243471.294641
1894243483.4384649
1894243483.3492079
1894243476.2116609
1894243478.433363
1894243474.599938
1894243483.789561
1894243483.361917
1894243492.616281
1894243497.635963
1894243494.653379
1894243474.786139
1894243449.145885
1894243461.818243
1894243457.465255
1894243469.8269389
1894243469.505302
1894243483.699425
1894243485.219667
1894243485.923092
1894243501.3490489
1894243502.082783
1894243520.878799
1894243539.737314
1894243528.80072
1894243531.30048
1894243504.98254
1894243493.007233
1894243514.808913
1894243511.419376
1894243508.476439
1894243486.6731799
1894243476.5586638
1894243445.021766
1894243440.488894
1894243434.2771049
1894243451.147697
1894243436.6204998
1894243425.225282
1894243447.6230838
1894243448.7519848
1894243456.550947
1894243448.5464928
1894243452.7686849
1894243443.5630538
1894243587.273891
1894262310.290261
1894262336.7529979
1894262351.250695
1894262375.176029
1894262366.770133
1894262337.7721238
1894262359.840596
1894262343.0213249
1894262336.217198
1894262331.2751539
1894262323.333652
1894262319.8774269
1894262312.4795039
1894262314.045621
1894262344.170141
1894262336.191952
1894262326.611698
1894262321.1740458
1894262297.7392008
1894262299.630204
1894262286.307813
1894262294.6376328
1894262283.260099
1894262294.7617989
1894262281.739616
1894262286.182586
1894262276.502286
1894262283.7569249
1894262286.1412048
1894262275.251036
1894262281.262225
1894262284.371114
1894262283.882314
1894262280.9760518
1894262283.2445679
1894262276.164377
1894262279.8728988
1894262287.195765
1894262296.606835
1894262279.576994
1894262288.700366
1894262293.063714
1894262288.958279
1894262293.6247458
1894262306.763501
1894262303.792999
1894262312.5867488
1894262295.343365
1894262313.498972
1894262314.520294
1894262304.3581948
1894262316.48588
1894262300.951176
1894262291.201819
1894262298.497685
1894262301.321374
1894262290.647461
1894262336.45482
1894262341.0295188
1894262358.110596
1894262367.886746
1894262321.5705879
1894262307.342099
1894262311.005532
1894262302.6617398
1894262324.03667
1894262310.3549929
1894262297.713379
1894262314.6356719
1894262321.511536
1894262313.9464
1894262321.150533
1894262314.4387739
1894262299.33034
1894262314.5206928
1894262301.6258428
1894262311.9187
1894262307.259768
1894262317.548851
1894262334.983999
1894262343.7592049
1894262360.856956
1894262355.7991989
1894262351.828742
1894262381.876757
1894262357.773406
1894262342.8023229
1894262334.8017368
1894262325.7451458
1894262336.326493
1894262323.121938
1894262339.904094
1894262333.221315
1894262336.744565
1894262326.2266989
1894262347.0266778
1894262345.843622
1894262337.8734019
1894262329.983752
1894262318.4343789
1894262342.103535
1894262351.7151039
1894262355.506382
1894262378.518678
1894262370.1854398
1894262390.350662
1894262379.208679
1894262385.407686
1894262356.356853
1894262353.472774
1894262380.236136
1894262326.130018
1894262306.860334
1894262328.7738738
1894262325.5110528
1894262299.7170029
1894262316.471571
1894262296.424268
1894262298.5813339
1894262295.6306748
1894262318.0507748
1894262324.07301
1894262362.876433
1894262365.1479628
1894262361.392505
1894262378.212831
1894262361.802151
1894262368.5579798
1894262390.200064
1894262356.0756278
1894262360.721153
1894262368.1158938
1894262360.4838538
1894262333.2351968
1894262330.0077689
1894262319.7746658
1894262308.361184
1894262313.150379
1894262323.48017
1894262333.778801
1894262334.4998899
1894262337.2161329
1894262365.697984
1894262357.53775
1894262341.502882
1894262346.157492
1894262335.0021229
1894262321.747783
1894262333.577241
1894262319.4082189
1894262311.9092689
1894262313.754899
1894262333.562671
1894262326.6815789
1894262316.991371
1894262317.5630789
1894262306.6737058
1894262300.987468
1894262315.476646
1894262305.558508
1894262308.502007
1894262297.9396179
1894262316.391547
1894262301.664469
1894262299.7744539
1894262312.902212
1894262320.547276
1894262326.9454598
1894262313.9457269
1894262316.928571
1894262303.454715
1894262316.797777
1894262308.496953
1894262303.2453089
1894262292.164429
1894262309.074442
1894262300.366735
1894262303.515095
1894262316.3633409
1894262313.2883048
1894262307.361408
1894262309.415197
1894262320.8526819
1894262318.118448
1894262303.491932
1894262309.081863
1894262330.0133698
1894262352.044935
1894262322.5135088
1894262330.2647169
1894262317.810081
1894262328.7090409
1894262308.305985
1894262311.1859798
1894262278.593001
1894262288.61653
1894262307.9874818
1894262294.164186
1894262297.002739
1894262300.75895
1894262289.951099
1894262301.271366
1894262284.7369418
1894262276.0548918
1894262297.486907
1894262297.1186938
1894262276.666265
1894262280.2251809
1894262293.841203
1894262276.641183
1894262287.426884
1894262275.3225808
1894262282.2642019
1894262284.041631
1894262271.6903849
1894262279.868661
1894262293.6934578
1894262285.431207
1894262291.831332
1894262282.566911
1894262305.115079
1894262299.192839
1894262290.9102929
1894262287.4160109
1894262298.807561
1894262323.6516879
1894262327.3633559
1894262324.0800178
1894262348.843335
1894262314.437217
1894262305.184809
1894262294.467335
1894262298.7063038
1894262313.31933
1894262299.433322
1894262299.881654
1894262306.065311
1894262294.8214889
1894262321.148563
1894262353.027937
1894262392.243984
1894262400.395145
1894262404.841071
1894262413.02493
1894262384.92204
1894262360.653671
1894262321.2925858
1894262308.842438
1894262293.8594599
1894262281.4914548
1894262285.5531878
1894262275.5258539
1894262293.093282
1894262290.478711
1894262278.485337
1894262282.0627348
1894262289.2509918
1894262269.8439548
1894262279.2799408
1894262287.607117
1894262268.5589929
1894262271.220969
1894262274.7323298
1894262278.0612998
1894262265.5013509
1894262270.611821
1894262285.084689
1894262296.0204859
1894262280.7646358
1894262297.255208
1894262320.997567
1894262351.51556
1894262339.965358
1894262342.1666489
1894262352.535702
1894262337.721246
1894262338.180995
1894262358.831107
1894262337.526178
1894262335.1212559
1894262326.2685878
1894262325.039525
1894262313.4914958
1894262287.6317248
1894262317.0828419
1894262315.4771938
1894262306.9080908
1894262323.580461
1894262293.1906
1894262315.042284
1894262301.3014078
1894262307.140843
1894262290.6030269
1894262292.5331678
1894262295.395998
1894262293.3660178
1894262311.8535628
1894262300.5227919
1894262325.723209
1894262329.367888
1894262335.4793758
1894262337.448751
1894262334.8192098
1894262314.8369288
1894262343.214087
1894262345.4371
1894262351.5476048
1894262355.8463259
1894262346.197614
1894262330.920044
1894262320.0689168
1894262324.5640268
1894262316.559757
1894262305.227289
1894262304.1746259
1894262316.2993
1894262312.8131819
1894262301.7623749
1894262322.0127249
1894262329.881182
1894262320.569834
1894262349.3932478
1894262329.497177
1894262298.039356
1894262288.6412978
1894262290.1193
1894262292.092059
1894262289.056485
1894262286.869324
1894262287.9389598
1894262307.137312
1894262288.6989138
1894262295.059917
1894262301.9567919
1894262298.9414499
1894262329.064463
1894262319.8395839
1894262313.967726
1894262325.083269
1894262295.323858
1894262288.325249
1894262299.421541
1894262289.82809
1894262295.390147
1894262277.2577078
1894262287.189978
1894262288.251541
1894262279.585759
1894262294.46568
1894262280.325239
1894262291.20591
1894262293.840173
1894262282.338842
1894262286.8862288
1894262302.8813639
1894262287.4890468
1894262290.535694
1894262299.929556
1894262320.776893
1894262312.5487149
1894262294.462808
1894262303.336668
1894262319.1022918
1894262349.618774
1894262337.055584
1894262328.3583999
1894262327.4223318
1894262331.7467308
1894262299.933372
1894262302.167939
1894262297.8356688
1894262309.791247
1894262307.541173
1894262310.1375098
1894262320.419792
1894262339.779063
1894262346.0075479
1894262350.5714068
1894262340.8964438
1894262333.6793358
1894262345.837477
1894262335.808672
1894262357.0634289
1894262333.584359
1894262322.9543788
1894262326.242277
1894262353.983182
1894262340.193142
1894262353.123379
1894262351.6171708
1894262323.914008
1894262320.7231538
1894262320.219106
1894262359.342207
1894262390.265713
1894262360.2702959
1894262382.96842
1894262352.148087
1894262338.588954
1894262307.850695
1894262279.056028
1894262283.155886
1894262286.9406848
1894262280.001626
1894262289.8397589
1894262281.789634
1894262287.2318208
1894262298.9601789
1894262278.948288
1894262279.196518
1894262282.556346
1894262275.6548078
1894262279.129974
1894262291.751549
1894262295.5473719
1894262285.9230938
1894262289.287868
1894262291.518952
1894262273.51102
1894262301.41641
1894262301.580936
1894262295.3131678
1894262290.3652039
1894262300.3658738
1894262318.4024029
1894262342.2683508
1894262329.176076
1894262315.431962
1894262304.9930098
1894262282.21855
1894262304.537324
1894262309.679689
1894262306.166504
1894262308.743383
1894262287.703055
1894262298.223068
1894262314.002966
1894262330.007166
1894262319.586562
1894262323.704382
1894262326.8023179
1894262320.794307
1894262323.063864
1894262320.9081068
1894262324.8290129
1894262341.376767
1894262336.0244648
1894262334.541301
1894262331.6976428
1894262323.49224
1894262319.275827
1894262340.1945188
1894262344.509358
1894262332.9816298
1894262332.101574
1894262341.343459
1894262349.033418
1894262348.445513
1894262346.236914
1894262335.448776
1894262324.1777558
1894262322.4827628
1894262305.9014359
1894262311.959966
1894262326.2595148
1894262314.366055
1894262299.147276
1894262306.915828
1894262292.92286
1894262287.6718688
1894262303.326951
1894262294.4510489
1894262317.890321
1894262333.015996
1894262326.5734289
1894262328.991849
1894262314.214447
1894262310.85637
1894262306.020385
1894262294.861048
1894262304.2903018
1894262303.7153409
1894262314.0958219
1894262301.5160549
1894262298.6960828
1894262304.672282
1894262298.206493
1894262292.208922
1894262297.28739
1894262286.033753
1894262312.237352
1894262303.8293529
1894262336.2775228
1894262332.928148
1894262346.884353
1894262350.109222
1894262348.87584
1894262371.3112738
1894262375.861173
1894262377.286198
1894262383.5665689
1894262359.896812
1894262351.8677108
1894262341.213588
1894262353.2147088
1894262352.095511
1894262359.8913288
1894262350.346313
1894262336.3407269
1894262341.774572
1894262337.892601
1894262338.2893639
1894262335.794513
1894262333.551761
1894262338.7507489
1894262345.8766448
1894262352.787932
1894262360.140462
1894262350.305002
1894262336.070766
1894262308.9127839
1894262320.649256
1894262318.2295089
1894262329.395402
1894262327.8582928
1894262337.4190009
1894262344.156018
1894262346.345825
1894262356.38414
1894262361.444274
1894262381.179595
1894262396.0945828
1894262387.9308538
1894262391.303624
1894262362.1926138
1894262349.7965438
1894262367.5946958
1894262369.760948
1894262366.2125468
1894262345.55321
1894262334.82882
1894262301.5557148
1894262300.656476
1894262293.323624
1894262307.9262638
1894262301.131872
1894262290.537174
1894262304.680414
1894262304.841601
1894262321.367673
1894262308.3705368
1894262314.818646
1894262303.3661919
1894262442.4965
1894281167.8038259
1894281196.676507
1894281209.0735838
1894281234.2381978
1894281224.8493378
1894281196.8822968
1894281219.423744
1894281199.314564
1894281196.0977118
1894281188.0621939
1894281182.160533
1894281177.9321928
1894281175.298236
1894281172.247145
1894281200.9695048
1894281193.822834
1894281185.2234418
1894281176.3763309
1894281151.8187468
1894281158.842068
1894281149.050915
1894281156.069634
1894281145.323452
1894281145.907502
1894281138.629974
1894281151.139973
1894281137.448735
1894281141.435905
1894281145.561084
1894281131.980242
1894281137.477803
1894281142.1183908
1894281147.681556
1894281150.864595
1894281149.0859869
1894281139.000784
1894281143.022647
1894281147.027473
1894281149.9892528
1894281137.898643
1894281141.68621
1894281156.68524
1894281147.33968
1894281155.503275
1894281165.1592648
1894281159.6917439
1894281175.248713
1894281156.087246
1894281170.14166
1894281174.630656
1894281161.5416808
1894281175.25011
1894281162.088011
1894281152.7354188
1894281158.6703548
1894281161.4966779
1894281150.871662
1894281195.37951
1894281203.376003
1894281218.8414478
1894281228.379457
1894281182.5759609
1894281167.9594438
1894281173.8620238
1894281163.37739
1894281181.8518128
1894281169.180078
1894281156.396739
1894281173.170266
1894281177.300493
1894281174.728186
1894281178.8233109
1894281173.3511639
1894281156.0765169
1894281173.7955658
1894281160.620368
1894281168.818183
1894281169.9621148
1894281177.8515399
1894281188.114662
1894281208.8525789
1894281224.1536598
1894281219.498345
1894281210.127558
1894281239.933451
1894281218.7392159
1894281203.5103638
1894281193.054309
1894281184.868561
1894281198.128839
1894281186.478839
1894281203.857713
1894281194.967813
1894281200.544147
1894281187.585878
1894281205.665901
1894281203.742961
1894281198.862625
1894281188.3316078
1894281179.1536949
1894281201.381577
1894281209.97025
1894281216.027555
1894281238.4975219
1894281228.849704
1894281248.660585
1894281236.696205
1894281246.4961278
1894281215.656452
1894281214.4108639
1894281237.9522328
1894281182.247547
1894281166.217608
1894281189.58511
1894281184.419461
1894281156.8082469
1894281169.617375
1894281153.498364
1894281154.590945
1894281161.936121
1894281177.2459738
1894281180.860082
1894281225.92449
1894281222.236625
1894281219.319536
1894281231.3797388
1894281219.006502
1894281222.928206
1894281249.7502859
1894281211.9890468
1894281213.403244
1894281223.6464388
1894281218.125063
1894281194.6494339
1894281196.300273
1894281178.325618
1894281164.7732868
1894281171.335325
1894281183.1137888
1894281193.272228
1894281196.4071798
1894281195.148186
1894281224.3946059
1894281217.043313
1894281192.5965178
1894281208.1096818
1894281199.118886
1894281179.465932
1894281191.3325758
1894281173.5170279
1894281170.4255679
1894281171.310031
1894281189.044034
1894281184.8101158
1894281175.598706
1894281179.073387
1894281167.1695058
1894281161.6002119
1894281175.2848458
1894281163.3858619
1894281166.557744
1894281157.5977938
1894281175.935338
1894281162.5229578
1894281160.8555398
1894281170.716367
1894281179.1524029
1894281183.811565
1894281168.3709989
1894281173.998911
1894281161.0122528
1894281171.892297
1894281169.6091158
1894281161.8808558
1894281150.3018198
1894281165.060128
1894281156.8855178
1894281161.603704
1894281169.535753
1894281167.3332188
1894281172.257887
1894281163.3509278
1894281180.5160449
1894281171.8261878
1894281162.9754279
1894281163.83005
1894281189.684345
1894281211.297344
1894281185.661789
1894281188.504189
1894281179.2513268
1894281176.7647948
1894281157.785553
1894281169.269655
1894281141.5352938
1894281152.4990299
1894281161.218536
1894281149.350862
1894281153.505391
1894281159.5123909
1894281147.096907
1894281150.8213239
1894281141.061944
1894281132.873394
1894281150.181357
1894281154.660677
1894281136.373061
1894281148.2009149
1894281150.9136178
1894281135.9295578
1894281146.9370549
1894281132.0577838
1894281143.953336
1894281149.0199568
1894281130.1868389
1894281138.7422738
1894281154.249163
1894281142.2249658
1894281146.0607328
1894281138.844199
1894281162.804566
1894281157.532255
1894281143.107843
1894281146.850214
1894281156.263185
1894281180.19504
1894281189.733407
1894281183.302135
1894281214.9218318
1894281173.374815
1894281164.748771
1894281154.042697
1894281158.518344
1894281169.3363788
1894281154.866669
1894281168.6787279
1894281163.632748
1894281157.415591
1894281180.55461
1894281213.3243659
1894281254.182189
1894281262.217865
1894281265.7690718
1894281274.472914
1894281234.146623
1894281222.770437
1894281179.2740989
1894281168.81927
1894281150.7453609
1894281155.699812
1894281143.3904748
1894281138.632304
1894281146.5713449
1894281146.698027
1894281139.0594108
1894281143.013161
1894281143.539311
1894281126.7402658
1894281133.441705
1894281135.6333468
1894281124.7958858
1894281127.040824
1894281130.600844
1894281134.937767
1894281128.643141
1894281130.3582668
1894281142.4164839
1894281152.1573658
1894281141.2790818
1894281157.706647
1894281182.298092
1894281203.5009458
1894281197.6288538
1894281197.310449
1894281206.7044878
1894281195.502451
1894281199.4874709
1894281216.562011
1894281198.298317
1894281191.885664
1894281189.9104788
1894281182.455992
1894281168.111435
1894281150.997473
1894281177.866401
1894281178.89844
1894281163.768988
1894281188.616313
1894281157.318189
1894281160.6760929
1894281149.8620489
1894281148.620471
1894281132.6424809
1894281142.1926758
1894281145.603847
1894281149.4665558
1894281169.5157049
1894281156.366348
1894281181.630851
1894281186.813012
1894281192.421872
1894281191.334517
1894281189.609128
1894281175.184053
1894281202.387847
1894281204.065382
1894281203.6163518
1894281215.30071
1894281205.8766909
1894281180.692366
1894281180.565054
1894281184.082968
1894281172.456096
1894281163.982261
1894281163.43113
1894281175.3004959
1894281173.2147138
1894281161.4010549
1894281180.544364
1894281188.7829149
1894281179.4694128
1894281194.6049218
1894281178.979238
1894281151.847517
1894281144.826262
1894281149.932828
1894281143.645149
1894281143.869252
1894281145.4496288
1894281149.5620048
1894281162.927976
1894281141.951921
1894281148.979496
1894281161.2527318
1894281158.0861218
1894281183.409546
1894281176.2083938
1894281175.1246428
1894281180.450161
1894281153.8066058
1894281147.84823
1894281160.377622
1894281149.123194
1894281152.498658
1894281144.1339529
1894281144.7136679
1894281145.6194868
1894281137.570406
1894281145.120702
1894281136.2030768
1894281149.2003798
1894281151.075289
1894281138.9369118
1894281143.392179
1894281153.9791439
1894281143.022193
1894281145.164305
1894281157.164176
1894281181.8865669
1894281168.1271849
1894281148.091904
1894281161.2002778
1894281175.198652
1894281207.2457879
1894281198.5808299
1894281194.167379
1894281187.855536
1894281187.906224
1894281151.033375
1894281153.286605
1894281160.045773
1894281166.0332298
1894281161.824064
1894281167.359144
1894281179.223825
1894281194.5719159
1894281206.377446
1894281206.596426
1894281199.949776
1894281188.604089
1894281191.3000169
1894281194.1277149
1894281209.941453
1894281185.7830129
1894281179.908722
1894281180.1904619
1894281210.613927
1894281195.3600578
1894281213.121896
1894281205.741582
1894281182.240562
1894281179.102979
1894281178.72087
1894281217.7323349
1894281247.065338
1894281219.7584078
1894281242.52173
1894281208.432962
1894281194.308105
1894281163.934881
1894281137.288205
1894281143.254241
1894281146.935276
1894281138.2540028
1894281151.589674
1894281141.5636978
1894281148.186406
1894281166.1529949
1894281146.711233
1894281142.5001628
1894281142.801096
1894281135.458762
1894281138.915535
1894281149.3602538
1894281154.9488308
1894281145.80813
1894281146.6278899
1894281150.143081
1894281133.183693
1894281160.2609499
1894281157.357982
1894281162.5529258
1894281147.3036468
1894281158.067453
1894281177.3691359
1894281202.2654889
1894281188.841816
1894281173.311647
1894281158.342747
1894281140.1666908
1894281159.3444989
1894281173.7863748
1894281165.623965
1894281167.6992729
1894281146.428403
1894281158.752991
1894281171.402081
1894281187.4444468
1894281178.4652998
1894281179.672011
1894281183.7841148
1894281177.6618118
1894281181.552285
1894281177.436832
1894281184.3183289
1894281199.854836
1894281193.3246548
1894281184.781031
1894281187.378876
1894281178.845409
1894281177.6950798
1894281200.36062
1894281206.408192
1894281190.0641048
1894281190.495991
1894281198.886821
1894281204.8404279
1894281202.129082
1894281205.747452
1894281191.330297
1894281179.5937939
1894281179.7257738
1894281160.895263
1894281170.6847239
1894281179.4932668
1894281169.0471718
1894281158.7123308
1894281162.954872
1894281149.0830529
1894281143.9231808
1894281162.878675
1894281153.551462
1894281177.768395
1894281190.3784728
1894281180.708205
1894281192.118767
1894281174.510288
1894281169.455174
1894281156.588976
1894281152.968983
1894281160.826887
1894281162.261196
1894281170.713883
1894281161.385223
1894281156.212404
1894281161.8898659
1894281157.283207
1894281154.21278
1894281153.965766
1894281147.4347029
1894281164.8500838
1894281168.4394958
1894281195.884152
1894281197.794091
1894281205.0379539
TIMES
64.946724
66.86722
68.394989
116.69385899999999
147.334883
184.661735
213.815753
239.55494
280.927851
308.79265599999997
329.10123799999997
362.563689
403.979313
428.345987
463.73849199999995
486.48069699999996
507.720403
545.2831189999999
589.797975
610.624558
647.143742
665.0363239999999
686.163763
720.587774
733.4176679999999
763.468698
784.082093
817.898913
836.0243939999999
870.550696
887.024458
902.1473179999999
929.932194
958.5586129999999
1004.9124529999999
1027.320137
1064.050653
1087.388909
1105.422981
1130.36135
1163.682098
1182.528891
1204.738032
1223.3698219999999
1245.323257
1267.460628
1290.664151
1323.6579299999999
1340.65517
1367.355337
1386.1611739999998
1410.533951
1437.028262
1484.60424
1495.9182899999998
1507.6142969999999
1547.617008
1605.21958
1619.856389
1626.213885
1653.0721159999998
1682.406086
1730.5906519999999
1772.356697
1802.807001
1824.984229
1866.953716
1887.071569
1902.598701
1931.953487
1959.166467
1986.373038
2011.555335
2104.806687
2129.8592909999998
2166.594932
2246.479508
2273.374107
2305.709934
2343.414014
2383.662364
2409.089312
2437.0133189999997
2524.975036
2560.40744
2589.0600059999997
2619.00143
2663.621581
2700.754975
2750.009635
2800.545125
2836.02296
2892.926896
2909.678767
2929.521237
2946.473336
2969.448809
2996.403379
3015.4995919999997
3040.347832
3064.7806969999997
3089.224471
3118.6352229999998
3147.565223
3160.360427
3176.597296
3192.928015
3223.0043349999996
3248.6436409999997
3268.63379
3287.052233
3317.13805
3335.2157979999997
3357.0760579999996
3373.9632659999997
3415.8569519999996
3426.4281739999997
3459.782527
3473.9205309999998
3496.862592
3534.033623
3585.3397059999998
3605.6594459999997
3625.878218
3649.2617699999996
3680.913052
3719.572977
3743.24954
3773.8616439999996
3796.1377639999996
3825.037758
3847.343187
3899.828392
3928.1985729999997
3955.773678
3987.7054989999997
4025.805672
4057.997606
4093.6693299999997
4123.060776
4165.269752
4208.982384
4240.246904
4265.366897
4299.748951
4340.708497
4374.118713
4410.269658
4445.852855
4484.0688789999995
4522.659159
4563.363104999999
4602.890144
4666.273956
4688.6064719999995
4723.826942
4761.183312
4775.386721
4806.192255999999
4845.116362
4871.210677
4898.932131
4917.736688999999
4934.537168
4996.715158999999
5017.364938
5060.176706
5105.055286
5129.789293
5157.801561
5189.463486
5223.625653
5243.422914
5272.655124999999
5297.119229
5336.094134999999
5357.551131
5381.844448
5405.537934
5430.421225
5460.018701
5485.510912
5508.642336
5534.041929999999
5575.402556
5647.660661999999
5680.734476
5710.231258
5758.943222999999
5798.3396999999995
5851.637801
5886.490409
5939.453498
5979.921469
6007.144187999999
6050.713715
6096.149246999999
6136.942448
6166.5331909999995
6207.20683
6245.622727
6279.929802
6312.6681849999995
6356.895912999999
6385.3532079999995
6422.703434999999
6454.746329
6504.153961999999
6545.0022
6587.909159
6624.787227
6657.013339
6687.808344
6716.061229999999
6762.209529
6788.677205
6818.3960019999995
6847.0044
6933.7784409999995
6967.832802999999
7018.677329
7051.4876859999995
7119.277633
7170.390281
7211.1040809999995
7248.46656
7284.721884
7379.3668339999995
7429.4004509999995
7460.086292
7492.561592999999
7515.9952969999995
7529.171837999999
7560.112835999999
7590.539944
7618.663221999999
7642.503971
7660.799830999999
7699.815678999999
7735.310132
7762.990207
7787.680958
7828.859761
7848.512895
7886.529366
9858.367852
9885.140699
9929.374606
9978.603684
10011.436844
10045.814107
10084.170755
10106.024179
10141.593440999999
10164.738358999999
10195.929959
10222.934682
10261.008429
10306.097313
10325.642071
10350.823913999999
10383.534483
10406.512343
10425.163782
10445.064811999999
10475.284327
10501.012706
10521.231317
10544.557541
10566.167575
10588.760839999999
10614.859456999999
10631.785522999999
10652.499929
10675.686974999999
10697.150741
10735.108193
10745.142816
10763.350150999999
10794.436493
10808.156034
10828.830434
10858.86096
10874.887968
10900.039209999999
10925.651490999999
10953.948193
10974.643941
10997.512482
11034.256777999999
11060.623758
11076.536101
11105.560238
11123.437802
11146.469506
11173.751853
11180.384216
11202.461505
11226.733138
11248.319918
11393.805432
11419.931954
11447.746299
11469.209255
11503.660315
11528.564536
11554.326231
11591.627607
11611.525268
11630.905424999999
11661.590081
11704.980550999999
11732.364716999999
11754.715994
11780.337688
11815.033817
11846.181215999999
11871.628104
11900.102181999999
12016.231509
12044.649631999999
12099.643928
12126.319209
12175.476287
12226.514878
12253.423668
12286.281009999999
12313.376403999999
12354.081022999999
12397.171729
12415.825249
12448.33391
12500.782505
12528.295635999999
12551.995498
12584.94909
12640.307223
12662.228159999999
12690.658443
12713.905084
12811.910351999999
12904.061704
12999.769785999999
13042.292044
13100.569953
13122.57852
13151.193653999999
13214.834416
13220.384955
13235.587279
13279.595873999999
13293.784603
13315.006221
13341.245020999999
13359.284371
13377.394284999998
13413.7431
13454.28726
13486.701717
13548.789364
13581.728384999999
13633.886594
13718.84144
13754.53517
13815.658687
13842.466164
13881.952397
13920.348423
13963.198583
13988.026672
14021.728363
14043.456938
14083.603794999999
14119.993209999999
14146.902409
14193.738448999999
14228.710476
14261.926667
14321.002878
14347.26038
14379.874693
14418.739978
14461.559502
14478.076578999999
14507.279032999999
14544.685458
14569.986277
14603.111148
14641.712075
14671.040643999999
14698.569931999999
14731.961401999999
14758.566558999999
14777.812586999999
14811.905913999999
14833.838851999999
14867.191009
14899.150012
14924.562252
14947.274737
15023.393092999999
15053.050478
15089.588355
15112.128829
15133.522527
15166.249694999999
15194.654998999998
15222.853097
15254.599624999999
15276.150004
15304.1407
15334.386514
15366.355918
15403.178649
15429.829579
15455.595673
15488.566584
15521.274098
15550.02047
15573.364248
15609.393368
15651.689704999999
15708.699924999999
15718.726813
15735.879738
15776.372473
15795.206698999998
15813.852933999999
15839.509116
15854.439332
15878.190736999999
15908.652318999999
15933.2521
15957.229071
15973.676071999998
15998.417634
16016.783676
16038.903354999999
16065.740877
16100.343375999999
16120.153889
16135.664184
16156.794182
16183.644933
16214.096850999998
16226.493878
16254.087034999999
16274.755819999998
16295.015425
16314.233326
16337.639689
16367.648261999999
16387.51589
16415.06713
16444.390928
16479.343457
16492.534423
16510.006364
16529.150659
16575.402750999998
16616.887767
16637.777706999997
16707.262831
16722.848753
16759.216961
16778.085236
16818.401159
16838.388686
16858.530154
16881.741578
16902.224936
16944.881595
16984.419702
17039.298038
17105.651345
17146.078657
17202.506973
17243.572646
17279.789552
17309.378956
17339.946179
17361.956856
17377.022661
17403.958539
17419.367265999997
17445.138210999998
17477.171716999997
17489.556959999998
17516.490606
17537.459075
17554.890169
17571.165867
17598.259426
17615.059049
17635.460613
17656.327074999997
17676.294934999998
17697.368318
17720.466718
17743.761937
17769.214281
17796.395169
17819.864966
17856.694693999998
17906.627461
17948.02317
17978.720632
18010.084543999998
18057.971577
18098.118762
18127.379742
18195.728125999998
18200.457656
18241.903445
18263.78188
18295.299613
18314.819031
18398.978787
18413.159530999998
18428.370748999998
18463.297604
18480.294851
18506.210418
18536.884243
18548.449354
18566.407922
18599.85862
18618.534660999998
18656.060864
18684.723614
18715.464400999997
18755.729816
18795.170821
18827.367284
18863.667007
18899.985565
18910.724465
18971.504367999998
19005.017981
19043.939597
19067.140574
19096.06384
19141.121778
19166.44098
19186.714379
19219.459012
19254.297801
19287.799901
19322.647681
19343.887914
19367.038958999998
19404.28097
19444.781533999998
19472.692368
19507.029473
19523.303945
19547.817956
19574.144603999997
19599.232269
19619.655200999998
19640.963791
19674.142493
19687.135526
19724.334124
19742.290876
19758.43135
19784.733690999998
19822.300975
19861.156159
19883.827992
19923.242314
19942.000354
19964.464633
19989.195573999998
20021.853746999997
20042.575015
20062.636185
20085.019631
20103.265072
20125.279924
20146.569087
20182.335011
20200.346697
20226.875115
20247.913279
20269.049639
20295.524394
20336.052045
20353.830834
20361.36332
20405.15344
20464.077295
20465.231046
20483.975592
20508.873718
20543.915082
20589.338771
20629.460614
20656.587445999998
20686.003065
20725.390649
20736.328833
20760.036516
20789.651787
20822.902179999997
20845.316688
20869.200648
20915.582355
20967.345318
20987.850748
21022.18636
21068.550681
21108.556642
21133.256984
21164.532162
21200.820859
21245.229650999998
21268.061966999998
21286.006806999998
21351.355635
21384.3687
21420.952344999998
21446.036361
21477.677293999997
21523.397008
21555.172457999997
21608.764479999998
21656.036313999997
21694.385761999998
21749.334500999998
21766.643882
21788.086773
21804.376984
21826.455169999997
21852.595523
21873.121514
21901.316403
21925.046475
21946.780413
21973.195057999998
22002.809592999998
22013.599458
22037.608224
22053.103360999998
22079.678112999998
22101.782195
22126.782519
22144.855304
22173.429399
22193.965709
22221.229688
22230.325656999998
22272.765014999997
22285.153785
22317.891114
22348.603789999997
22363.667089
22391.374549
22449.578523
22469.783639999998
22494.130289
22516.44515
22538.463518
22576.794197
22603.345919
22630.331358
22649.302885999998
22680.143185999998
22707.794511
22755.396054999997
22786.378994
22813.041706
22847.432483999997
22887.137703
22914.859056999998
22953.946115
22984.192413
23018.80897
23067.362787
23095.152743
23126.004534
23158.076167
23201.713303999997
23231.969012999998
23269.595035
23307.793492999997
23342.012164
23383.369359
23420.366805999998
23466.266263999998
23494.056101
23525.535793
23547.985420999998
23588.38292
23619.081937
23640.421358
23659.874112999998
23703.282049999998
23728.049035
23751.288931
23773.372847
23790.300266
23820.643992999998
23860.457076
23879.358788999998
23921.302177999998
23964.062491999997
23987.993532999997
24017.812529
24057.430051
24083.123818
24102.938112
24133.249817
24157.870992
24191.121656
24218.0285
24243.743098
24266.67288
24296.131271
24321.10096
24345.715376
24374.842027
24400.722295
24434.951606
24464.761616
24509.17988
24544.009078
24568.07017
24617.81393
24657.645892
24714.870285999998
24747.074719
24798.066852
24842.344531
24866.018885999998
24908.896478
24953.276276
25002.871219999997
25026.334557
25067.27886
25104.344977999997
25140.004988
25169.110601
25219.22741
25247.209476
25282.670766
25315.721440999998
25365.912819999998
25407.187614
25452.875579
25486.469818999998
25518.784888
25546.481996
25573.770021
25619.200595
25647.869614
25678.529171
25708.029248
25756.034188999998
25797.916936999998
25826.367587
25875.09749
25915.01339
25980.522031
26029.083849
26073.820669999997
26107.971562
26145.191541
26184.355202
26238.636294
26293.108722999998
26318.705143
26351.800733
26373.239676999998
26387.975437999998
26419.961571
26445.283251999997
26481.418743
26501.612073
26524.105625
26560.079610999997
26596.927431
26622.534282
26647.509522
26682.943928999997
26708.316505
26747.250786999997
28678.678442999997
28718.076097999998
28747.127948999998
28790.609296
28834.432033999998
28868.853044
28907.369795
28942.751992999998
28967.690684999998
29003.414458
29025.308477
29057.958874
29080.834957
29118.848882
29161.744313
29186.927224
29210.522762999997
29235.462654
29267.147589
29288.804773
29306.647108999998
29328.119714999997
29350.823011999997
29379.911380999998
29402.575128999997
29426.640586999998
29445.840154999998
29469.191755
29489.422630999998
29518.399567999997
29536.980259
29559.393461
29587.10253
29601.25379
29625.962341
29650.836272999997
29671.620514
29686.507851
29712.583832
29736.742972
29757.854666
29784.491160999998
29807.200943
29837.421943999998
29862.984813
29896.788596
29922.301781
29938.324782
29965.632285
29986.134394999997
30006.070247
30032.052077
30043.277201999997
30063.819505
30090.272766
30106.279451
30150.293259
30210.602245
30249.402576999997
30281.220191
30304.667058
30333.529711
30365.757131
30387.526885
30415.992358
30448.933019
30471.309841
30490.979504
30522.984384
30562.696871999997
30590.391751
30617.438025
30641.631175
30677.242204
30704.704137999997
30730.029843
30764.268627999998
30787.06112
30832.469815999997
30882.493922999998
30906.490076
30961.038452999997
30985.683629
31035.186744
31079.388482
31109.578498
31145.388382999998
31165.669576
31207.783849
31257.127491
31279.961109
31307.220599
31357.238337
31389.987226999998
31412.549215
31445.717139999997
31500.183129999998
31521.538645999997
31548.561632999998
31570.536595999998
31624.818023
31674.465941
31709.310309999997
31766.537582999998
31803.95106
31862.650582
31903.629208
31962.42554
31981.511173
32012.251835
32069.395746
32077.045149999998
32098.794918
32136.517281999997
32149.680923
32176.817125999998
32204.190069
32219.63515
32238.39415
32276.09467
32313.669669
32344.643502
32408.338731
32448.008444
32485.748389999997
32535.106272999998
32574.579779
32613.035270999997
32665.673156999997
32701.152294
32742.188646
32783.240364
32825.533368
32848.019134
32881.584925999996
32903.282936999996
32938.50641
32977.374655
33004.744842
33048.811924
33084.79429
33124.843642
33184.215145999995
33207.48813
33238.609352
33283.529482
33325.697306
33343.308778
33367.179681
33408.582816
33430.884383
33463.258326999996
33504.039101999995
33531.366098
33555.085503999995
33587.876618999995
33611.810252999996
33642.588644999996
33669.955778999996
33699.53064
33726.802321999996
33754.471721
33784.781173999996
33807.563672
33838.952144999996
33880.206288
33913.833869999995
33957.124618
33966.604009999995
33986.927852
34023.455119
34058.116083
34079.256009
34118.765002
34134.229867
34164.264111
34190.339485
34224.048171999995
34261.39052
34292.969172
34315.94669
34345.105383
34381.181859
34407.063018
34430.547842
34468.28877
34507.208829999996
34565.806447999996
34577.184484
34590.651998
34626.147809
34643.369319
34663.554716
34686.997581999996
34709.63623
34734.100160999995
34766.005392
34786.849882999995
34808.661021
34833.987403
34855.776443999996
34882.875338
34905.590251
34929.760849
34959.655067
34993.451650999996
34999.407797
35016.408631
35046.652353
35066.015973
35085.959621
35106.899114
35128.896820999995
35149.03823
35173.239803
35199.837155
35226.84171
35245.893292
35276.184692999996
35304.90776
35344.562453
35361.015045
35372.986022
35391.477246999995
35435.78136
35477.552252
35505.235756
35528.496434
35573.953336
35586.384932
35611.591650999995
35638.340253999995
35671.840359
35704.728643999995
35726.656673
35747.966379
35772.681024
35806.422715
35846.188245
35893.746570999996
35965.329255
36006.147250999995
36065.995118
36105.557949
36139.571351
36169.312989
36196.348838
36221.062851999995
36245.535375
36267.070491
36285.197275
36307.313573
36336.06721
36353.260151999995
36380.485629999996
36406.619077999996
36423.198753
36435.387104
36462.636468
36479.914843
36494.891613
36516.600746
36542.250611999996
36564.529189
36586.848546
36604.692101
36626.573952
36655.745614
36676.283276
36712.223592999995
36765.471601
36805.942414
36835.992693
36867.955873
36914.718235
36953.773821999996
36985.65002
37058.107676
37059.876065
37099.633768
37123.823554999995
37155.550811
37177.849807
37209.086841
37243.494256
37268.818967
37294.052883
37324.941517
37339.706742999995
37374.901282
37396.316082
37408.313307
37427.069408999996
37457.591513
37478.864399
37513.956776
37544.446732
37567.734871
37614.996698999996
37649.40178
37687.131824
37723.679789999995
37756.262066999996
37776.424259
37832.553106
37866.866806
37899.750859
37928.700926
37960.683122999995
37995.078872
38025.31121
38046.675282
38073.681810999995
38111.442654
38147.251661999995
38176.0179
38205.783353
38226.823562
38263.455933
38306.067928
38328.883541999996
38363.845401
38384.766343999996
38406.117364
38434.879744
38455.177869
38481.080974
38499.035755
38530.010506
38548.191866
38582.81602
38600.22653
38620.371318
38647.025456999996
38681.048299999995
38722.535705999995
38745.285790999995
38779.906296
38804.270277999996
38824.800715
38852.010609
38881.701521999996
38902.09922
38925.250291
38944.569852
38967.645745999995
38986.169766
39007.897206
39041.883719
39061.796036
39084.953116
39107.395757
39127.721307
39151.268811999995
39202.818218
39215.519954999996
39223.249073
39267.617160999995
39324.152061
39327.577587
39343.105507
39368.768044
39405.095084
39449.167075
39494.553594
39523.490645
39546.084723
39584.176594
39599.672264
39615.268241
39653.975501
39679.092631
39705.924838
39727.831117
39775.511329
39823.656020999995
39846.794644
39887.526613
39933.253912
39968.098026
39994.757923
40025.136265
40058.040677
40103.227932999995
40134.558120999995
40154.210371
40208.810333
40245.334105999995
40281.792110999995
40314.818911999995
40335.246241
40381.745219
40415.182091999995
40467.847799999996
40515.210174
40550.111364
40606.171992999996
40623.918544
40646.669021
40664.184521999996
40684.774810999996
40714.094368
40734.187156
40755.756958
40783.250019
40805.569787
40834.660472999996
40865.971929
40877.337108
40889.340179
40908.34018
40938.459299999995
40961.228430999996
40994.140567999995
41004.584429999995
41035.005047
41054.531133
41073.090971
41086.838233999995
41135.849909
41144.449780999996
41178.261440999995
41193.527726
41213.632887
41249.086879999995
41306.330775999995
41323.456247999995
41342.453434999996
41363.776866
41398.363123999996
41434.217155
41458.702784
41489.656966999995
41507.217971
41538.061054
41564.782404
41615.381884999995
41647.364284999996
41673.512151999996
41707.171673
41746.706578
41774.837158999995
41808.280362
41839.299526999996
41878.778352
41926.059367
41957.393865
41980.153449
42017.725912
42056.844060999996
42088.608172
42127.191306
42163.558891
42202.613614999995
42238.921381
42282.123371
42322.033118
42348.947034
42384.760829
42407.761155
42446.674245999995
42477.562089
42498.926158999995
42522.835384
42566.625703
42593.137502
42609.29533
42647.653057999996
42685.009031
42687.037795
42715.262083
42745.569664999995
42781.987412999995
42826.097396
42847.221633
42883.348909
42913.780152
42944.439345
42962.228058
42988.612970999995
43015.762181
43049.522229999995
43075.985069999995
43104.884963
43125.8633
43151.727593999996
43186.179931
43205.700842
43224.565348
43250.061727
43286.535546
43320.769778999995
43367.558016999996
43401.310524
43427.332065999995
43476.211707999995
43516.493525
43570.864649999996
43605.777869
43655.178469
43698.356995999995
43723.40548
43766.556275999996
43817.931488999995
43854.610595
43884.255959999995
43923.756862999995
43962.063214
44003.48609
44027.351178
44083.763447
44104.217647
44143.980468
44169.9338
44223.009211
44262.923574
44304.053855
44342.763416999995
44373.176266999995
44403.700355
44428.727833
44476.927116
44506.109251999995
44534.044152999995
44566.941534
44613.315001999996
44651.907672
44686.453572
44730.611371
44769.507804
44838.296372
44888.042715999996
44928.594367
44966.651936999995
45003.948483
45044.174148
45094.229932999995
45147.218733999995
45183.616838999995
45209.041678999994
45229.957516999995
45247.080839999995
45275.094888
45305.334708999995
45335.840229
45363.191585
45381.719694
45416.312629
45449.164719
45483.176168
45505.994295
45543.812547
45565.917399
45604.980048
47531.330042
47571.526464999995
47604.702173
47647.179305
47689.866708
47727.333030999995
47765.339799999994
47797.845259999995
47825.602278
47850.999933
47881.282904
47913.511565
47938.658768
47976.227699999996
48019.279914
48045.873372999995
48069.826350999996
48096.147588
48126.240385
48143.643353
48165.038571
48185.330834
48210.854905
48237.540187
48260.950798
48284.054888
48303.710672
48327.394058
48347.168688
48368.778856
48397.934278
48418.489985
48445.54503
48459.200721
48480.103094
48507.665913
48527.020408
48545.391897999994
48569.553447
48590.238
48615.469589
48643.246917
48667.636959999996
48695.0718
48719.222115
48750.201015
48779.829537
48797.01945
48824.614353
48844.647107
48865.694371
48887.454312999995
48899.127648999995
48925.117766999996
48948.014957
48965.334876
49008.148641
49068.800753999996
49109.212306
49139.055875
49165.129681
49187.708894999996
49223.342322
49245.433338999996
49275.476892
49306.550146
49329.877066
49349.801992
49380.435411
49420.062318
49450.514283
49476.318874
49498.685814
49536.935205999995
49563.584462
49589.095183
49618.103316
49646.091733999994
49688.108994999995
49731.392921
49763.655372
49818.590597999995
49844.245052
49890.683669
49941.406296
49967.477524999995
50002.376777
50027.510341
50066.211649
50115.739828
50133.01235
50165.756711999995
50210.080260999996
50246.647475
50267.054654
50305.147843
50355.846749
50380.261095999995
50406.872186
50428.197062
50485.501081999995
50528.352778
50566.391264
50622.365795
50662.846638999996
50718.259739
50762.303985
50821.678758999995
50840.111333
50868.857426999995
50930.020468999996
50940.38677
50952.549095999995
51000.616251
51009.838712
51033.551290999996
51062.614598
51077.02796
51098.637107999995
51137.416022
51168.320134999994
51205.90565
51263.393148999996
51297.297883
51342.693330999995
51392.092163999994
51433.046696
51467.741335
51528.075433
51561.581803
51600.588836999996
51638.193196
51685.790896
51707.895525
51739.444434
51759.066781999994
51800.053041
51834.244178
51861.987233
51908.306773
51944.845814
51979.539138
52041.640788
52066.836832
52096.138669
52139.169108999995
52177.992792
52197.014560999996
52225.56535
52264.512581999996
52288.658503
52321.870101
52361.658880999996
52388.878504
52420.948323
52443.031051
52467.385825
52499.866820999996
52530.753059999995
52559.195294
52586.934365999994
52614.230929
52642.782275
52662.73714
52696.792670999996
52741.614469
52771.061369999996
52807.279074
52822.564581
52849.060644
52884.39937
52912.807485
52938.907087
52971.545659999996
52999.74913
53022.293426
53054.836836999995
53083.915816
53121.416244
53142.649341
53174.900536
53206.582078
53240.307990999994
53268.85011
53294.316133
53327.883321
53365.659909999995
53420.125197
53430.703984
53451.518061999996
53483.725683
53503.206604
53525.948956
53546.982229
53568.889187
53594.827449
53624.828295
53647.568832
53668.705857
53694.810872999995
53713.993663999994
53734.050311
53760.3165
53784.24251
53836.043644
53844.957815999995
53857.435781
53875.349668999996
53906.904849
53926.657653999995
53953.747494999996
53974.698479
53993.640369
54018.270889
54034.752962
54056.096141999995
54086.145211999996
54107.289797
54136.100293999996
54163.079435
54197.180426
54209.777596
54227.331867
54247.692557999995
54290.067566
54339.021244999996
54359.476305
54384.657934999996
54427.524385
54442.783417
54467.859296999995
54491.675488
54529.788455999995
54556.240302
54576.941297
54601.201133999995
54622.965625
54657.971105
54700.856767
54747.924073999995
54822.971333999994
54866.927317999995
54921.987387
54963.448075
54997.258022999995
55026.176431
55054.409683
55074.156207
55095.516293
55126.609270999994
55137.034035
55162.983201999996
55191.309485
55208.304592
55231.264295999994
55255.418696
55269.871749
55289.360523999996
55318.868103
55339.061984
55356.59493
55376.542152999995
55396.347148
55421.364689999995
55441.949744
55463.653607
55486.467216
55517.680642
55540.831699999995
55569.716124
55629.027962
55669.624726999995
55702.620416
55728.341281
55773.97857
55812.622209999994
55845.26624
55904.833416999994
55919.60454
55964.145099999994
55986.874283
56015.152382
56034.222733999995
56065.746229
56110.345397
56125.698277999996
56147.207244
56187.870285
56205.653066
56226.837541
56254.681472
56273.272224
56287.620216999996
56313.46039
56338.190016
56367.317345999996
56404.772725999996
56428.576449
56473.704029
56509.412142
56544.447638
56583.858561
56616.83137
56632.019286999996
56689.587183999996
56727.385844
56762.830484
56795.546565
56814.157535
56861.362084
56886.908503
56907.570146
56929.456423999996
56968.875993999995
57008.838601999996
57032.657853
57064.942328
57085.637507
57124.656413
57166.30807
57187.035006
57225.315675
57244.574586999996
57264.691195
57287.622019999995
57308.963403999995
57341.991503
57360.479374999995
57387.901969
57406.991842999996
57447.00118
57461.124591
57479.836977
57506.375078
57536.559489
57577.584568
57603.233523999996
57635.091449
57663.914660999995
57687.870628
57711.031412
57740.498363
57762.942611
57781.434661
57806.517053999996
57826.641256999996
57840.027295
57865.977015
57895.058263
57916.399073
57943.875369999994
57965.037356
57986.639746999994
58008.961458
58053.751061999996
58075.400115
58091.264755
58125.469404999996
58195.609549999994
58211.146258999994
58228.25324
58244.757996
58266.075264
58307.273390999995
58349.435068
58377.14079
58403.565091
58449.422441999995
58476.357449999996
58484.689031999995
58516.358159999996
58534.556312
58567.039233999996
58589.157877
58636.171031
58688.400449999994
58705.778965
58742.186965
58787.105292
58828.420972
58848.374381999995
58888.21383
58919.561203
58959.495061999995
58986.639307
59016.729664
59068.58917
59103.525476999996
59139.727993
59167.157782999995
59191.762142
59240.087467
59274.838562
59326.887615
59374.069784
59413.733485
59466.917381
59483.746868999995
59504.510045999996
59523.500108
59546.223171
59578.307327999995
59594.596924
59617.876013999994
59643.694660999994
59669.256524
59698.503388
59724.291478
59728.137924999995
59753.808435
59774.032278
59799.658569
59820.663281999994
59843.339045
59861.12267
59889.442280999996
59913.578059
59929.404560999996
59946.153683
59996.252775999994
60006.445283999994
60035.364621999994
60049.26569
60077.806242
60109.321248
60163.483303
60186.158268
60206.609463999994
60226.003995
60260.550252999994
60299.913322
60325.599188
60348.088479
60368.176008999995
60402.688345999995
60428.197026999995
60474.715187999995
60515.252369999995
60533.994915999996
60566.102004
60606.017814
60634.179403999995
60667.947751
60698.497971
60743.732779
60786.464946
60818.366733999996
60845.043697999994
60876.914377999994
60923.798932
60948.396874
60988.041027
61025.775117
61062.314460999994
61100.159664
61137.767089
61178.458120999996
61208.422833
61246.544095
61269.511550999996
61302.48428
61334.782817
61347.88508
61376.343280999994
61423.93316
61447.075576999996
61467.126574999995
61488.594247999994
61508.161626999994
61535.749869
61574.008031
61598.917644999994
61636.621436999994
61686.672105
61707.753945
61733.313911
61767.82107799999
61806.227699999996
61825.492307
61847.523359
61873.755556
61907.236628
61934.339673999995
61960.035117
61984.442001999996
62007.804778
62037.271496999994
62062.973634999995
62083.893353
62109.172451
62147.020451
62177.625582
62224.39941799999
62256.357868
62284.689238
62333.989164
62370.136769
62428.468058
62463.511183999995
62518.946380999994
62556.077673
62581.882631
62626.763145
62670.229352999995
62711.551072999995
62743.476636
62790.100998999995
62820.816546999995
62857.764710999996
62886.920078999996
62936.966599
62963.425441
62999.742149
63029.067516999996
63088.628164999995
63122.84634
63164.669533
63203.201765
63235.399312999994
63264.748037
63289.257463999995
63336.653559
63364.656994
63395.32804
63427.041759
63477.376204
63510.023198999996
63544.281022999996
63594.576772
63627.575305
63696.815905999996
63749.260302999995
63788.754821999995
63824.827136
63865.734067
63904.547258
63959.475277
64006.496489
64037.137689999996
64065.76111399999
64089.262441
64108.080095
64137.154182
64164.525988999994
64198.790764
64217.253380999995
64239.442623999996
64281.126911
64315.113918999996
64337.987619
64363.560153
64401.435632
64425.754347999995
64468.705384999994
66394.292185
66434.82592599999
66466.19168599999
66506.87301499999
66548.794705
66586.969591
66625.827618
66659.273001
66686.096133
66714.666566
66740.337137
66770.43749499999
66796.575191
66832.973396
66878.643469
66904.286432
66928.27388
66956.32440099999
66983.267337
67001.963175
67022.567148
67047.294551
67069.463422
67097.821285
67118.360608
67139.564784
67163.426744
67187.878237
67206.73843699999
67229.315581
67253.647172
67272.802513
67304.960958
67318.801796
67337.900692
67364.387493
67384.893408
67409.013247
67435.187415
67452.77514299999
67477.67285799999
67499.350054
67528.256516
67549.739456
67579.58527
67610.243493
67635.760291
67652.132994
67687.022076
67704.81048
67728.219297
67757.106562
67759.48564299999
67782.181848
67806.308656
67825.87802399999
67865.54063599999
67928.11164599999
67966.341732
68000.113751
68026.679644
68047.513111
68083.548931
68104.047024
68129.234897
68167.408379
68187.29493999999
68208.251898
68241.902707
68282.37127799999
68308.478802
68334.294456
68359.37052899999
68396.214055
68426.75758199999
68447.423768
68474.91991499999
68503.51471599999
68547.432175
68598.502356
68624.054
68675.22751
68703.964423
68752.243748
68797.20666
68823.244462
68858.679454
68884.241324
68925.57014499999
68969.851596
68990.247754
69023.823204
69067.576606
69104.71927
69128.30789299999
69165.468609
69214.698729
69240.39033899999
69266.190929
69288.244377
69345.562842
69388.785328
69426.233674
69482.836524
69525.070706
69578.75751699999
69618.125733
69674.690492
69696.095063
69726.84346599999
69787.274445
69800.413518
69815.605197
69853.571696
69867.033893
69891.777364
69925.326022
69938.864011
69957.917994
69988.582842
70027.847114
70067.480814
70123.083481
70159.188153
70205.941399
70256.341636
70291.542325
70331.557173
70386.027586
70419.271926
70457.771695
70498.141513
70540.86415899999
70564.051628
70594.397885
70617.79388099999
70656.770956
70695.165692
70722.31850899999
70766.223791
70800.48479799999
70836.838904
70898.91219
70924.38952099999
70958.706394
70996.977837
71036.23375
71056.539577
71085.36686
71121.46459599999
71147.610617
71183.008563
71219.67287699999
71246.380851
71274.945652
71304.656005
71327.42117
71358.325201
71386.747723
71413.81021299999
71447.031663
71473.75717699999
71505.227221
71524.098937
71555.899556
71602.69912199999
71627.169735
71667.23312399999
71687.85352599999
71707.66127
71744.67446
71774.806875
71800.226897
71828.601639
71851.169459
71884.888076
71909.88612
71946.663372
71976.278314
72006.897749
72036.13013399999
72073.751143
72098.634404
72134.268906
72148.609122
72187.85498999999
72225.65469299999
72283.53399499999
72285.936429
72313.71236599999
72348.92610299999
72376.80432499999
72388.704737
72408.38941399999
72426.21279199999
72453.771251
72489.153869
72508.950246
72528.589203
72549.63170499999
72571.900499
72600.069651
72617.171748
72642.095143
72680.301062
72696.655613
72711.04227199999
72731.349753
72761.304674
72777.032267
72804.71150399999
72826.457134
72853.649999
72868.38041
72894.208442
72915.706314
72945.232059
72975.41950999999
72996.002771
73018.286862
73060.78686
73068.619831
73097.24932599999
73107.71431
73154.444609
73194.92779799999
73215.06341999999
73244.36137299999
73287.629464
73301.975729
73326.340299
73349.127698
73386.96309199999
73418.45422
73438.230401
73455.299975
73478.47966099999
73517.87181299999
73560.570071
73615.96221499999
73682.263236
73723.98838899999
73779.462986
73821.222268
73860.312221
73885.941765
73915.011372
73934.863425
73954.797765
73975.000648
73996.84295199999
74019.077743
74057.036822
74067.58791599999
74089.390178
74114.064911
74137.77612
74147.84228699999
74175.309716
74200.791683
74215.972956
74234.770764
74255.063689
74275.273732
74295.032869
74316.541203
74347.801939
74375.673356
74395.322152
74427.15729399999
74484.477198
74534.660126
74556.95361699999
74593.64593
74635.382764
74669.45093199999
74703.50869799999
74758.57088099999
74770.048406
74818.087183
74842.63704799999
74876.436298
74897.035403
74921.62207
74967.90537
74983.78668599999
75008.16587
75041.942186
75061.68740499999
75100.266356
75122.13079899999
75143.933791
75164.801088
75179.49183
75199.22732199999
75231.13462499999
75264.97360099999
75287.32822299999
75329.30957699999
75366.48281
75406.205397
75442.330987
75474.94104399999
75486.957174
75548.268601
75584.02946399999
75623.790708
75644.854652
75668.933035
75720.699358
75743.45260199999
75764.607181
75790.253593
75829.28851299999
75861.856761
75890.74462499999
75920.841343
75943.402282
75980.412117
76021.939143
76046.24891899999
76093.965055
76105.539084
76124.42055699999
76148.63258199999
76166.96722199999
76202.476205
76216.32240799999
76247.63030399999
76265.61850699999
76306.725464
76316.630685
76339.838812
76363.625888
76394.553566
76441.02825799999
76465.40985099999
76493.171504
76521.67661499999
76541.699112
76569.882155
76596.160323
76620.174242
76642.529165
76658.057086
76684.984365
76702.62372
76727.568768
76759.22280599999
76778.64189
76807.03917
76825.90177099999
76847.937901
76869.357513
76918.997895
76920.141923
76940.225481
76983.276416
77037.763718
77047.208565
77061.837884
77087.869932
77120.060532
77167.43611699999
77205.205682
77230.21927
77262.81129
77301.410593
77319.354943
77338.357618
77367.61671799999
77397.766676
77427.494845
77447.476117
77490.76646299999
77543.76575199999
77566.838082
77604.86901499999
77645.71119999999
77688.80096
77717.75699699999
77741.296446
77779.33473599999
77823.04401299999
77846.11396799999
77866.17876699999
77927.417065
77964.069693
77993.774506
78025.95804099999
78048.55585799999
78095.724256
78128.855281
78184.745448
78232.51104
78269.69175299999
78326.735287
78345.53474399999
78366.87783499999
78385.952443
78406.799867
78427.656414
78448.278972
78474.890906
78501.55675599999
78527.11693799999
78549.369785
78577.85687399999
78591.42298
78608.457554
78628.639457
78655.297089
78675.694989
78704.99992799999
78725.649117
78749.659742
78769.822296
78788.76207299999
78804.352629
78849.08551799999
78866.037799
78893.325149
78906.10266399999
78931.98693099999
78966.843321
79024.337784
79044.825081
79064.631969
79087.769516
79115.42497
79154.485796
79176.43861099999
79206.549463
79225.994775
79255.26783099999
79282.779404
79332.200642
79365.0104
79388.104972
79426.61986199999
79462.57425199999
79492.116454
79526.031726
79557.404912
79595.260442
79645.107077
79673.800248
79705.563924
79737.03432199999
79778.421351
79808.488522
79845.76564
79883.410156
79922.277191
79954.757243
79997.65056899999
80038.900956
80072.592769
80103.282532
80126.145035
80165.22192699999
80197.090493
80214.16292399999
80236.9757
80284.88915
80306.64880499999
80324.980327
80349.59866999999
80369.181213
80397.793145
80431.066832
80454.76723
80494.92990599999
80543.587732
80570.719319
80590.16387799999
80625.599988
80655.79640199999
80684.580076
80707.02947
80733.198748
80766.30427
80793.425087
80814.451091
80845.232164
80868.03952399999
80895.077731
80922.71663299999
80944.615458
80966.953761
81009.997324
81035.071098
81084.434916
81114.730608
81145.441137
81198.980877
81231.381249
81287.38973499999
81325.53117999999
81377.302065
81417.168181
81443.89495799999
81486.352688
81526.094405
81571.596117
81604.086875
81645.464209
81686.3326
81722.7117
81745.044702
81791.48093399999
81825.550406
81856.541008
81887.886678
81943.50662
81984.19790099999
82024.80243699999
82065.993063
82089.47388399999
82125.62550699999
82148.883949
82194.223367
82225.35594
82253.37823799999
82285.405105
82328.54332299999
82368.88451
82404.61717299999
82448.314149
82486.926978
82557.053798
82605.67023999999
82647.81527199999
82684.76810999999
82722.842575
82760.876401
82813.73636
82864.803684
82895.17464499999
82924.590579
82947.455625
82964.574639
82997.270161
83023.577029
83056.069598
83081.90895499999
83104.887302
83136.816413
83172.828793
83202.724653
83223.427845
83263.405835
83285.666375
83323.92496599999
85249.14881299999
85294.750673
85323.960773
85365.977825
85406.894655
85446.075579
85485.461789
85515.742896
85546.286926
85572.989025
85599.12873899999
85628.553929
85659.456547
85689.99061899999
85735.718467
85761.915532
85786.924439
85814.065282
85837.36888
85861.20850899999
85884.916359
85908.734971
85931.53173
85948.958293
85975.291713
86004.48800499999
86024.37134499999
86045.135249
86066.115031
86086.06827199999
86108.335829
86131.200917
86168.815144
86188.852416
86203.786377
86227.281884
86248.07243
86268.883193
86288.669698
86310.119458
86330.667262
86362.420736
86386.650654
86411.599016
86438.078581
86466.175966
86498.433305
86512.91236399999
86543.692768
86564.96476799999
86585.424275
86615.896558
86619.517039
86643.80430999999
86666.453043
86686.110953
86725.83297599999
86787.041671
86828.62458199999
86860.842681
86887.169279
86908.464497
86944.191095
86966.913794
86991.52858
87025.217724
87046.181797
87066.88915
87100.417691
87138.277955
87169.23429899999
87190.171825
87218.372913
87251.460397
87286.02374399999
87306.472619
87331.42679
87366.284459
87407.72931699999
87451.640384
87489.21921299999
87538.14134
87567.080781
87608.222776
87655.217337
87684.128067
87719.352007
87742.48653699999
87784.727112
87831.570549
87853.61854499999
87887.83395
87929.35081399999
87968.55254799999
87989.235229
88024.309394
88072.687322
88101.433221
88124.82070899999
88149.027971
88204.78928299999
88247.052193
88286.68583799999
88342.82724299999
88383.611129
88437.103357
88475.590592
88535.83363
88555.421666
88587.82605999999
88645.036857
88659.95339
88674.54544999999
88716.087854
88727.392673
88748.905978
88778.545589
88796.639562
88814.598619
88856.112729
88887.070285
88924.356317
88986.24260499999
89016.896788
89063.757874
89109.44561899999
89147.399008
89184.980593
89245.350324
89276.011902
89313.393728
89355.019652
89399.159862
89425.481101
89461.225853
89476.357181
89513.221603
89554.596622
89581.967836
89625.741199
89662.413122
89694.75867899999
89757.64384599999
89783.896627
89816.306659
89859.005898
89900.380414
89915.50551
89942.981665
89975.703006
90006.123519
90040.54385999999
90076.319469
90104.49773599999
90129.05290699999
90166.117675
90187.833844
90218.911725
90246.379994
90268.204851
90305.02720099999
90333.613143
90364.818808
90386.15896
90417.055755
90460.54746999999
90485.81703199999
90524.08535699999
90542.327672
90564.77907599999
90602.26783499999
90630.018084
90661.35678799999
90687.227783
90709.358482
90740.941457
90766.367031
90804.737551
90829.498146
90860.943841
90899.543542
90924.284203
90958.329392
90983.41685
91008.11179
91042.743017
91085.379653
91140.63227799999
91148.46904899999
91169.464847
91215.871865
91224.85197999999
91238.928959
91266.47169399999
91289.13911999999
91316.89435399999
91342.45110399999
91364.187171
91385.037241
91408.08345199999
91429.081362
91453.052167
91474.721983
91499.61679999999
91536.34382699999
91556.7601
91570.933999
91598.677505
91617.76284
91636.232976
91664.644105
91682.725031
91716.323813
91736.49986899999
91751.969417
91774.262798
91805.80383399999
91828.00219
91848.650991
91874.409097
91916.61194199999
91927.33568399999
91945.897488
91966.289964
92009.40566199999
92051.493162
92077.041619
92103.50214899999
92154.19778999999
92161.849467
92185.91312499999
92208.66918299999
92246.723913
92274.349089
92293.533659
92324.118302
92335.89254799999
92380.03638599999
92419.999983
92471.807296
92543.978808
92585.721508
92639.632803
92681.968293
92708.76824199999
92747.815345
92771.52906799999
92794.65156299999
92811.526873
92848.747328
92854.067108
92882.118114
92906.808859
92923.74379
92949.788527
92970.47000799999
92987.774309
93004.635316
93028.094656
93047.131736
93069.988283
93089.10763
93110.102204
93131.079847
93161.55897
93176.217951
93205.95290999999
93231.760482
93254.35696199999
93287.62438
93345.810695
93383.762225
93411.45598299999
93444.752629
93487.702247
93526.88959199999
93564.47748999999
93615.195649
93630.700564
93674.52307499999
93706.191417
93732.27165299999
93751.471268
93784.730568
93828.394603
93846.306101
93864.735128
93906.327047
93925.465499
93945.683152
93968.48982
93983.925047
94001.57732699999
94027.936919
94048.21511599999
94085.578161
94122.40359
94142.888354
94184.925852
94223.713863
94263.001704
94295.402734
94327.315334
94346.642419
94407.29982
94442.55046099999
94475.689923
94504.195691
94528.569429
94573.110936
94603.98552399999
94624.355595
94646.31649699999
94688.234803
94721.21549799999
94750.32704799999
94781.630575
94803.15009099999
94839.077912
94880.90871999999
94905.72414199999
94937.412526
94955.476541
94978.37771
95004.99750099999
95026.818798
95055.598911
95073.636629
95106.482267
95127.26110799999
95157.53133
95170.151658
95194.68643599999
95223.016334
95255.763287
95298.590476
95321.94615799999
95356.403741
95376.65742799999
95400.361959
95428.121564
95457.28326699999
95479.57212699999
95499.956089
95524.88779
95542.302227
95560.065793
95585.607981
95609.92129099999
95634.53265899999
95664.38992599999
95683.035772
95704.566392
95725.77822
95770.006599
95777.46953999999
95794.735838
95840.303304
95898.65888599999
95902.17203999999
95915.200631
95945.119391
95975.951322
96024.849391
96066.580324
96095.73110199999
96123.00992699999
96156.62985299999
96170.13719499999
96189.26392099999
96232.98617999999
96254.08794099999
96281.75775799999
96304.068174
96349.533522
96398.455013
96427.106823
96460.852028
96504.599213
96543.669828
96563.15303599999
96599.744482
96634.140344
96675.66514299999
96703.10642699999
96720.139319
96784.185632
96819.306474
96855.012416
96880.602222
96906.979351
96955.53064
96987.425792
97043.276061
97089.411123
97129.277296
97186.21353699999
97201.943315
97221.437691
97241.437937
97265.210563
97287.934542
97308.444804
97336.999168
97363.359254
97386.946186
97414.031144
97446.29616499999
97461.507019
97473.791004
97488.912736
97516.963125
97535.38800199999
97562.853886
97585.042752
97613.84320799999
97627.614745
97647.46662199999
97664.144261
97707.95549
97722.542108
97760.910594
97764.48237299999
97793.54639999999
97826.564546
97884.3235
97905.00760699999
97922.506517
97941.180133
97974.82647999999
98009.352315
98040.53917799999
98066.245423
98084.856934
98115.32015099999
98143.109965
98189.444395
98222.398726
98246.817833
98281.65613199999
98319.30747
98346.813513
98384.32148299999
98416.207639
98454.56418999999
98503.39181599999
98530.47310399999
98555.79784099999
98595.62776199999
98633.799401
98667.57599499999
98705.50353
98745.164578
98779.205972
98814.890988
98856.541998
98894.84434699999
98925.633109
98963.911922
98982.0233
99020.66279199999
99057.730618
99069.11579899999
99097.976337
99138.19445899999
99161.238877
99184.518208
99205.599772
99225.27743599999
99254.767306
99292.818799
99315.55476099999
99354.807126
99400.97138
99424.898518
99453.161136
99485.907781
99514.430048
99535.141295
99565.14741199999
99589.840466
99624.81116
99650.09890699999
99674.35659
99702.73967299999
99725.29878
99754.232318
99784.75018999999
99801.29480199999
99828.366879
99862.591494
99899.715319
99943.9745
99979.537245
100003.52749
