LATENCY
1692158374.155148
1692158406.337394
1692158374.985451
1692158361.977901
1692158349.0307
1692158327.741767
1692158359.751674
1692158360.882453
1692158354.272692
1692158364.937031
1692158341.529567
1692158354.52406
1692158357.12151
1692158373.852509
1692158400.494361
1692158384.088811
1692158379.5803099
1692158363.7603688
1692158366.407954
1692158356.49137
1692158337.298327
1692158348.2566688
1692158348.4305449
1692158370.8508809
1692158377.3279479
1692158368.6351519
1692158361.5357518
1692158360.237783
1692158349.7453759
1692158340.183455
1692158359.726569
1692158347.8630378
1692158354.019701
1692158352.763259
1692158351.505481
1692158352.677827
1692158424.355016
1692158430.76643
1692158357.5357509
1692158366.3338969
1692158349.9790359
1692158486.8304899
1692177138.130569
1692177289.788277
1692177282.243252
1692177179.802616
1692177192.522665
1692177193.236934
1692177194.0824668
1692177193.616648
1692177181.620514
1692177186.0854359
1692177188.297658
1692177194.436605
1692177253.050807
1692177242.059772
1692177229.931707
1692177244.7072809
1692177252.0212638
1692177241.183945
1692177234.510444
1692177251.566568
1692177251.4520009
1692177232.721648
1692177263.4900348
1692177266.597857
1692177270.777173
1692177275.018826
1692177273.473537
1692177242.9151049
1692177239.9391558
1692177235.474375
1692177224.511205
1692177241.7046509
1692177237.033653
1692177251.218891
1692177231.4385839
1692177224.737577
1692177232.6000679
1692177239.5576699
1692177247.4007978
1692177228.254664
1692177224.9988039
1692177222.041646
1692177236.809468
1692177233.0206978
1692177219.708269
1692177213.023655
1692177210.886298
1692177222.596123
1692177208.1844978
1692177230.079895
1692177220.308405
1692177236.4170809
1692177230.8196568
1692177207.563762
1692177228.0902789
1692177216.482437
1692177216.833011
1692177228.9588249
1692177211.85917
1692177234.3512619
1692177260.78363
1692177211.782055
1692177217.3327858
1692177183.3441398
1692177194.434211
1692177200.062232
1692177207.564549
1692177195.0476959
1692177203.18799
1692177193.1199448
1692177183.193832
1692177199.865844
1692177201.568431
1692177190.62356
1692177198.652446
1692177203.883975
1692177191.2001588
1692177199.6172018
1692177189.9050128
1692177186.4815009
1692177195.8876028
1692177183.328147
1692177194.7736108
1692177186.0756428
1692177197.9629328
1692177188.94502
1692177215.598935
1692177206.457686
1692177191.059129
1692177204.075984
1692177273.2015278
1692177307.9569318
1692177311.3445709
1692177316.9788349
1692177323.5364718
1692177297.1404278
1692177263.81917
1692177185.3899028
1692177186.814276
1692177187.8344378
1692177191.4109008
1692177197.807945
1692177196.8091278
1692177187.6516569
1692177189.415757
1692177202.1066558
1692177194.9450219
1692177213.236325
1692177227.771839
1692177266.699739
1692177255.413991
1692177254.1133869
1692177255.514252
1692177242.29592
1692177255.052109
1692177267.829674
1692177250.673655
1692177241.4736419
1692177232.9573479
1692177229.789209
1692177214.5281758
1692177215.165681
1692177220.6395528
1692177207.476445
1692177229.3322558
1692177204.7436259
1692177196.62641
1692177188.586762
1692177196.129619
1692177199.178396
1692177206.868
1692177226.552662
1692177212.6471028
1692177239.827127
1692177243.2097988
1692177251.355546
1692177238.8896248
1692177244.9852989
1692177253.1276028
1692177239.525321
1692177228.191233
1692177231.489682
1692177225.9332008
1692177218.939586
1692177237.800374
1692177232.560174
1692177211.662124
1692177230.464697
1692177251.472349
1692177243.2407348
1692177241.134248
1692177232.749843
1692177201.443729
1692177208.997139
1692177230.540963
1692177225.350441
1692177229.456131
1692177272.180538
1692177245.96963
1692177260.751335
1692177251.738473
1692177230.264937
1692177228.8812258
1692177226.1463978
1692177264.9404728
1692177293.290931
1692177264.1845949
1692177287.576427
1692177191.696399
1692177183.411113
1692177194.4352179
1692177184.333508
1692177190.708998
1692177201.501065
1692177179.598723
1692177184.432158
1692177194.6874459
1692177195.987284
1692177189.805189
1692177192.721825
1692177201.8750389
1692177192.1452348
1692177210.166216
1692177202.2720509
1692177206.801656
1692177197.781221
1692177213.992491
1692177233.4310699
1692177246.2084248
1692177235.1316688
1692177219.322887
1692177205.292079
1692177187.8424869
1692177218.322074
1692177228.4425778
1692177219.7775278
1692177218.462395
1692177199.666345
1692177215.318743
1692177221.378955
1692177235.374152
1692177240.73501
1692177232.194294
1692177244.764035
1692177247.069728
1692177248.9499788
1692177236.578125
1692177242.9984019
1692177232.389559
1692177235.497604
1692177244.812424
1692177253.264662
1692177236.776659
1692177243.645432
1692177247.02635
1692177256.7770839
1692177262.2186508
1692177252.40989
1692177243.49965
1692177224.6993349
1692177222.6153078
1692177218.5022829
1692177221.9337828
1692177225.947898
1692177218.9832568
1692177208.595526
1692177218.63005
1692177201.382153
1692177205.712386
1692177213.3843448
1692177206.380169
1692177240.467294
1692177241.589676
1692177233.450579
1692177250.303906
1692177225.891037
1692177221.008972
1692177208.858911
1692177202.863605
1692177216.7221189
1692177208.741073
1692177211.8671749
1692177210.648217
1692177201.89025
1692177208.9297988
1692177206.6052139
1692177193.602603
1692177205.3805819
1692177196.405597
1692177216.112212
1692177229.5072489
1692177251.394711
1692177241.073181
1692177253.685715
1692177261.781445
1692177264.529671
1692177286.894254
1692177293.905593
1692177285.617986
1692177289.656699
1692177261.5041618
1692177254.9584749
1692177309.467805
1692177270.389005
1692177286.398763
1692177298.217253
1692177281.195528
1692177277.806366
1692177249.944316
1692177244.366463
1692177208.2723
1692177207.751143
1692177196.5164518
1692177216.2993479
1692177209.302667
1692177193.6196618
1692177218.2209148
1692177216.532014
1692177241.068939
1692177219.534183
1692177218.775967
1692177228.6313698
1692177348.795079
1692195992.9896529
1692195995.779748
1692196087.201614
1692196107.536545
1692196119.899971
1692196140.7428908
1692196132.587183
1692196105.702034
1692196115.6300569
1692196084.746552
1692196088.612984
1692196084.141469
1692196116.268039
1692196102.593389
1692196095.4863598
1692196079.648548
1692196058.337405
1692196083.962086
1692196056.6720679
1692196063.2084239
1692196051.616312
1692196058.2980258
1692196047.312862
1692196056.158234
1692196042.237593
1692196047.081287
1692196050.8191578
1692196038.696385
1692196046.992235
1692196053.612732
1692196044.603828
1692196047.2802908
1692196050.87588
1692196042.867769
1692196045.920853
1692196056.855408
1692196054.02401
1692196047.75896
1692196051.7225869
1692196062.115088
1692196049.932791
1692196058.687448
1692196067.066263
1692196066.951753
1692196076.444067
1692196073.904855
1692196081.0547168
1692196069.447376
1692196058.307327
1692196068.7237768
1692196079.760119
1692196110.267943
1692196106.6161408
1692196117.7717679
1692196128.9797208
1692196091.5973978
1692196073.181545
1692196077.640332
1692196098.846186
1692196075.651367
1692196061.717406
1692196080.85652
1692196065.592253
1692196076.283707
1692196068.719596
1692196122.782544
1692196105.443424
1692196102.982903
1692196103.4306898
1692196118.983455
1692196131.8990068
1692196136.7612078
1692196124.183328
1692196212.677235
1692196167.655798
1692196138.746626
1692196117.497349
1692196103.054807
1692196102.8216588
1692196107.043551
1692196113.644551
1692196120.5014439
1692196134.959913
1692196105.626843
1692196114.5623689
1692196114.9625008
1692196099.358641
1692196102.597734
1692196101.0502498
1692196162.584149
1692196130.850193
1692196061.367972
1692196066.158102
1692196088.554354
1692196088.093612
1692196135.455051
1692196137.8443959
1692196151.320832
1692196131.756785
1692196156.685027
1692196130.149839
1692196135.9689238
1692196134.0494368
1692196132.320163
1692196113.904783
1692196100.1583939
1692196094.4562368
1692196089.859021
1692196101.105185
1692196105.180466
1692196105.916067
1692196107.3032448
1692196134.9504209
1692196110.179683
1692196117.117815
1692196106.1994798
1692196093.29198
1692196096.804237
1692196084.85493
1692196077.459632
1692196077.1656978
1692196101.274634
1692196092.99262
1692196089.940862
1692196080.000674
1692196082.9001899
1692196073.595353
1692196089.27178
1692196084.966382
1692196073.163666
1692196069.401007
1692196091.670114
1692196066.618003
1692196085.235592
1692196078.7987149
1692196087.273088
1692196087.868582
1692196079.232651
1692196089.789106
1692196070.606968
1692196086.788229
1692196075.490074
1692196068.245353
1692196064.8218799
1692196073.260805
1692196073.947362
1692196070.084028
1692196085.74774
1692196075.4234478
1692196074.237351
1692196069.3651268
1692196085.6010969
1692196078.780797
1692196068.7116718
1692196070.72925
1692196093.7114398
1692196117.098523
1692196105.682813
1692196098.528164
1692196079.974041
1692196079.524253
1692196072.096454
1692196073.754385
1692196051.069414
1692196053.0899708
1692196079.856904
1692196060.437748
1692196063.7918508
1692196070.3501968
1692196052.813221
1692196062.452961
1692196049.255113
1692196052.116266
1692196060.86633
1692196058.2350469
1692196042.161804
1692196056.108851
1692196070.5064108
1692196054.204696
1692196052.271631
1692196043.7914798
1692196046.903826
1692196047.7940478
1692196045.1583219
1692196053.623983
1692196059.617116
1692196047.8623219
1692196060.152472
1692196055.73049
1692196067.999749
1692196061.754863
1692196051.9969618
1692196054.958035
1692196059.237689
1692196110.385205
1692196109.5620959
1692196077.177065
1692196075.266471
1692196062.572963
1692196071.6046839
1692196081.155557
1692196061.468592
1692196064.1466439
1692196073.437677
1692196078.347291
1692196095.247161
1692196132.535949
1692196169.6010768
1692196182.318738
1692196176.1002169
1692196182.138922
1692196160.703363
1692196129.6979618
1692196086.230762
1692196081.843917
1692196063.595187
1692196057.0847309
1692196078.7770438
1692196049.4208598
1692196058.2442439
1692196055.14656
1692196044.013845
1692196048.5337539
1692196067.183219
1692196042.159929
1692196041.627862
1692196052.9812958
1692196035.535943
1692196042.390213
1692196045.284631
1692196044.472008
1692196032.046169
1692196040.745746
1692196051.990593
1692196058.030808
1692196056.825428
1692196073.018555
1692196088.249408
1692196125.4705849
1692196123.69883
1692196118.4680219
1692196115.891896
1692196103.4217699
1692196111.1027598
1692196132.099771
1692196116.78873
1692196108.122287
1692196096.714047
1692196101.823118
1692196079.453105
1692196075.3260548
1692196078.50611
1692196087.4829888
1692196069.6972408
1692196102.0449798
1692196076.09456
1692196067.011735
1692196064.8826149
1692196053.5178099
1692196046.520165
1692196062.080149
1692196064.6586208
1692196072.115375
1692196082.6596029
1692196068.995636
1692196101.6136558
1692196101.776919
1692196111.532116
1692196102.6847389
1692196101.142088
1692196081.6866179
1692196108.429211
1692196114.739722
1692196115.8982918
1692196120.465029
1692196123.806885
1692196094.9488308
1692196086.8552048
1692196092.054045
1692196086.668421
1692196068.690007
1692196072.829213
1692196085.2654579
1692196077.04058
1692196067.2440178
1692196091.782178
1692196097.7465339
1692196086.1061208
1692196101.3687599
1692196086.898424
1692196063.8369699
1692196065.6699739
1692196058.615785
1692196052.948314
1692196052.685907
1692196051.1870039
1692196059.113955
1692196073.213006
1692196058.452636
1692196063.373764
1692196070.808327
1692196068.490782
1692196099.39618
1692196087.1540458
1692196057.512532
1692196064.6815028
1692196056.710865
1692196059.501659
1692196060.46253
1692196058.019269
1692196062.0360389
1692196052.5817919
1692196055.6676068
1692196055.833848
1692196042.586685
1692196048.922412
1692196062.098026
1692196057.7012029
1692196057.472905
1692196063.1234648
1692196086.5512578
1692196071.7276819
1692196055.633797
1692196075.673614
1692196091.050577
1692196112.0230598
1692196112.099164
1692196099.3136768
1692196095.4857008
1692196095.85183
1692196062.697777
1692196071.198848
1692196069.733636
1692196076.0984528
1692196069.255753
1692196073.342764
1692196109.207867
1692196103.217994
1692196120.478998
1692196114.8466358
1692196127.1329188
1692196097.989817
1692196110.2127469
1692196103.382403
1692196126.8144739
1692196091.6126208
1692196086.74318
1692196087.961547
1692196137.250207
1692196108.1846569
1692196121.3555238
1692196115.0541198
1692196093.6273298
1692196088.070776
1692196096.501325
1692196124.365571
1692196156.704788
1692196129.198292
1692196148.551795
1692196114.0323129
1692196102.867426
1692196071.91901
1692196052.606096
1692196054.5006669
1692196057.198921
1692196047.353706
1692196057.108007
1692196051.648381
1692196051.244566
1692196072.071359
1692196062.2066479
1692196052.2384279
1692196050.621465
1692196051.706878
1692196049.537096
1692196075.875408
1692196061.5552309
1692196047.78293
1692196059.329402
1692196087.8510668
1692196056.403502
1692196078.700091
1692196063.9814658
1692196066.11674
1692196070.471449
1692196074.142242
1692196094.329707
1692196106.571244
1692196099.180678
1692196081.7449138
1692196066.753917
1692196049.056449
1692196077.355583
1692196080.7318358
1692196072.914281
1692196085.6911728
1692196056.3020968
1692196074.6202419
1692196080.470098
1692196097.682308
1692196093.152045
1692196096.6833498
1692196094.90621
1692196102.6274998
1692196100.748787
1692196096.789314
1692196109.10701
1692196115.20379
1692196102.8330998
1692196099.768265
1692196106.8538668
1692196093.9322388
1692196094.774663
1692196106.8380709
1692196123.853936
1692196100.020321
1692196094.991462
1692196105.200263
1692196114.733783
1692196121.5323138
1692196113.3951359
1692196100.235985
1692196088.0904238
1692196089.1785529
1692196075.9630768
1692196084.086686
1692196087.049845
1692196078.152015
1692196065.6794999
1692196073.785013
1692196061.943193
1692196063.962327
1692196076.584499
1692196091.659576
1692196094.735308
1692196111.539191
1692196106.634091
1692196121.353744
1692196094.7105298
1692196082.492529
1692196068.427968
1692196066.079701
1692196083.9861028
1692196068.4287388
1692196073.898267
1692196069.336792
1692196064.221928
1692196071.392912
1692196070.948536
1692196057.0537229
1692196062.401826
1692196053.855401
1692196074.5984569
1692196086.347034
1692196109.2874138
1692196101.9949758
1692196116.212935
1692196120.740067
1692196128.7763069
1692196158.6921349
1692196149.2552528
1692196157.0258389
1692196154.311931
1692196116.496593
1692196122.8607368
1692196120.2522159
1692196093.896407
1692196093.2915008
1692196135.840776
1692196115.652565
1692196129.0941598
1692196140.17798
1692196151.882411
1692196162.445809
1692196151.092866
1692196159.098837
1692196130.3062549
1692196135.95997
1692196144.517948
1692196136.452339
1692196135.739429
1692196112.655145
1692196110.9289238
1692196070.0764139
1692196068.0695589
1692196061.2359889
1692196074.291879
1692196064.588351
1692196055.1836429
1692196075.091924
1692196074.452231
1692196084.4209208
1692196076.9449558
1692196079.047685
1692196069.204815
1692196213.7146518
1692214852.9514399
1692214858.536756
1692214946.015086
1692214969.2228348
1692214982.511256
1692215000.970607
1692214991.166996
1692214966.354646
1692214967.0881
1692214957.3286328
1692214951.3330898
1692214944.494024
1692214943.587205
1692214943.236224
1692214971.496341
1692214956.320469
1692214951.188428
1692214935.408012
1692214916.416205
1692214926.864495
1692214917.944891
1692214922.010397
1692214915.51633
1692214922.863505
1692214908.859082
1692214913.710008
1692214899.413733
1692214921.121999
1692214910.17976
1692214897.2788959
1692214914.5017278
1692214913.8237438
1692214905.837894
1692214908.0705168
1692214909.693498
1692214917.9910839
1692214904.361243
1692214907.9276478
1692214913.248164
1692214914.376452
1692214919.457186
1692214921.1206698
1692214908.7282388
1692214927.718267
1692214930.0950599
1692214930.1993358
1692214928.4644248
1692214914.663998
1692214941.299959
1692214927.163466
1692214946.862963
1692214932.8387098
1692214927.3281279
1692214913.6804888
1692214921.609736
1692214926.334012
1692214935.9591758
1692214970.458577
1692214965.7688808
1692214981.02473
1692214989.38398
1692214947.2890968
1692214928.457429
1692214935.30984
1692214929.811697
1692214943.9983568
1692214933.6060128
1692214921.1737368
1692214939.893653
1692214942.9629948
1692214937.236598
1692214945.933131
1692214940.21999
1692214928.2658858
1692214936.921782
1692214926.855527
1692214944.788096
1692214954.733083
1692214961.01019
1692214950.288388
1692214969.630487
1692214988.8463778
1692214983.3314378
1692214974.5176759
1692215016.784253
1692214984.010594
1692214972.432778
1692214964.1037939
1692214948.138973
1692214957.422009
1692214951.308377
1692214961.0352569
1692214967.2643669
1692214961.575978
1692214951.9189658
1692214973.335264
1692214970.7769089
1692214959.4269779
1692214954.7454689
1692214944.313228
1692214981.486506
1692214984.4181368
1692214994.595028
1692215008.0572639
1692215014.410753
1692215011.482272
1692215013.3169909
1692214982.751618
1692214977.3341658
1692214982.240495
1692214937.2436569
1692214927.28531
1692214946.44591
1692214948.587102
1692214923.63345
1692214946.994288
1692214923.6513638
1692214927.6913278
1692214929.456719
1692214953.1313958
1692214948.12527
1692214994.590849
1692215001.374476
1692214993.2763429
1692215013.320463
1692214993.595409
1692215000.236757
1692215015.7279868
1692214989.7804239
1692214994.30108
1692214992.0287468
1692214987.269625
1692214965.0049
1692214957.986301
1692214952.433795
1692214940.992702
1692214947.2555928
1692214959.6247408
1692214958.8952699
1692214963.5883338
1692214968.834125
1692214989.145968
1692214970.451895
1692214977.1329339
1692214962.949545
1692214975.8074439
1692214976.6907039
1692214945.855031
1692214940.7833638
1692214937.220341
1692214956.9741778
1692214952.509404
1692214939.464074
1692214942.014907
1692214935.006202
1692214941.9650168
1692214943.937641
1692214934.132082
1692214931.162431
1692214925.8873138
1692214936.9140599
1692214925.824434
1692214939.21922
1692214935.7875319
1692214945.8841279
1692214948.788128
1692214932.8283448
1692214940.335139
1692214927.4074159
1692214942.75352
1692214935.224964
1692214930.464704
1692214923.589999
1692214930.326278
1692214933.4881408
1692214929.847157
1692214944.5573058
1692214933.3458579
1692214934.6112978
1692214926.961091
1692214944.334334
1692214938.362635
1692214927.2086768
1692214927.4373379
1692214965.619315
1692214976.0755248
1692214959.5743558
1692214955.0426068
1692214947.857601
1692214942.63285
1692214928.200693
1692214931.547437
1692214903.234331
1692214914.867478
1692214927.7185
1692214916.4402878
1692214919.510377
1692214923.83131
1692214909.536437
1692214918.633041
1692214911.213363
1692214902.5204659
1692214921.213754
1692214919.523475
1692214909.0180218
1692214913.55102
1692214933.75926
1692214904.9563138
1692214910.407698
1692214902.02022
1692214903.341953
1692214910.500622
1692214905.30972
1692214905.1605308
1692214919.340935
1692214905.732256
1692214913.8591769
1692214907.504459
1692214931.285416
1692214925.6531599
1692214908.407311
1692214910.5794559
1692214921.717717
1692214952.958106
1692214954.3620589
1692214969.24747
1692214976.0334299
1692214937.129557
1692214932.228927
1692214918.6907618
1692214953.870962
1692214939.484984
1692214919.489553
1692214924.019002
1692214936.1940298
1692214921.9666538
1692214955.485333
1692214991.9815788
1692215026.695541
1692215029.046054
1692215034.263306
1692215041.92401
1692215015.344605
1692215003.60235
1692214948.2383049
1692214933.1953728
1692214920.520742
1692214917.296896
1692214918.7676558
1692214903.647848
1692214910.87159
1692214915.677345
1692214917.474762
1692214919.795986
1692214905.86813
1692214892.9587688
1692214908.430079
1692214918.272672
1692214897.468716
1692214891.4155838
1692214903.048846
1692214907.544716
1692214893.3685088
1692214904.6209638
1692214910.028214
1692214921.345434
1692214916.578815
1692214931.9445848
1692214946.2156
1692214981.719158
1692214973.918222
1692214976.4210138
1692214979.640491
1692214960.316469
1692214975.9502358
1692214985.967798
1692214971.121717
1692214968.909332
1692214950.847363
1692214955.597782
1692214937.433287
1692214932.391171
1692214956.211798
1692214941.634938
1692214930.3692029
1692214957.085553
1692214919.253257
1692214924.953383
1692214927.984289
1692214917.0241618
1692214911.774941
1692214915.2899098
1692214924.7597399
1692214925.25467
1692214948.496098
1692214934.007866
1692214959.901069
1692214962.95272
1692214972.818682
1692214957.677392
1692214957.965293
1692214956.514828
1692214976.058833
1692214966.582314
1692214967.248689
1692214990.607518
1692214979.749157
1692214953.1871128
1692214943.6081479
1692214951.003525
1692214943.032393
1692214929.094044
1692214937.3974009
1692214946.220772
1692214937.6937559
1692214927.3548079
1692214957.43996
1692214959.4435148
1692214947.024572
1692214974.155825
1692214952.8202078
1692214922.379942
1692214911.0863838
1692214914.110791
1692214912.302593
1692214915.4545388
1692214910.191144
1692214912.997527
1692214927.59148
1692214913.8404288
1692214917.3913238
1692214931.821177
1692214927.542539
1692214956.746289
1692214947.123407
1692214942.795666
1692214948.2790039
1692214919.810164
1692214913.298653
1692214927.2225468
1692214911.983995
1692214918.0283818
1692214921.682083
1692214925.413178
1692214917.132151
1692214903.4476058
1692214914.9764018
1692214904.284049
1692214912.3495848
1692214913.4793398
1692214904.5730639
1692214910.5629358
1692214916.553575
1692214933.8959658
1692214919.0089018
1692214922.598965
1692214938.792034
1692214929.4383888
1692214914.8647468
1692214931.5510468
1692214948.847746
1692214970.322706
1692214960.943217
1692214957.430904
1692214953.792516
1692214973.035001
1692214924.754509
1692214927.710314
1692214922.122685
1692214929.87902
1692214925.623277
1692214933.841492
1692215048.2416909
1692215016.836535
1692215001.7364478
1692214973.17004
1692214985.27735
1692214958.120246
1692214960.42041
1692214961.3895519
1692214984.0801668
1692214950.9988248
1692214950.388095
1692214957.815719
1692214999.424679
1692214966.147727
1692214982.4744868
1692214973.275545
1692214948.885493
1692214949.4837768
1692214942.88922
1692214984.318495
1692215016.013695
1692214988.849015
1692215007.609884
1692214975.6918619
1692214960.824781
1692214931.906174
1692214907.773095
1692214910.318086
1692214911.147352
1692214904.823511
1692214919.85688
1692214921.2532449
1692214921.213245
1692214934.399225
1692214911.814431
1692214915.9525628
1692214926.445812
1692214911.269461
1692214910.190832
1692214911.9611008
1692214919.370092
1692214909.9743938
1692214912.495869
1692214916.5309749
1692214899.5799608
1692214924.751611
1692214923.8919618
1692214931.012012
1692214918.755404
1692214931.597668
1692214953.2064009
1692214966.75791
1692214952.256907
1692214937.9218879
1692214936.129076
1692214905.730609
1692214932.3837988
1692214939.101575
1692214933.0762649
1692214936.6931238
1692214912.266157
1692214930.307401
1692214935.8260999
1692214958.015832
1692214947.152449
1692214958.257674
1692214957.223719
1692214958.444514
1692214955.079584
1692214949.645381
1692214964.078539
1692214963.3400528
1692214964.472095
1692214958.210742
1692214960.739532
1692214950.782786
1692214956.3074338
1692214966.042613
1692214984.297473
1692214957.900343
1692214960.805471
1692214970.5659199
1692214974.3813639
1692214987.356104
1692214972.899183
1692214960.653553
1692214943.461048
1692214942.337736
1692214944.70067
1692214946.592032
1692214952.5677068
1692214935.5914378
1692214924.6668708
1692214951.573163
1692214921.407538
1692214930.970319
1692214936.3754048
1692214924.105296
1692214948.494834
1692214959.596303
1692214949.3379989
1692214969.260149
1692214938.724942
1692214957.1349819
1692214929.69718
1692214923.052266
1692214938.218354
1692214947.2647889
1692214931.937769
1692214927.0204868
1692214927.3359768
1692214930.0162919
1692214928.8211038
1692214921.107379
1692214922.6910698
1692214911.174738
1692214931.816751
1692214943.921073
1692214960.848755
1692214959.3643758
1692214972.609194
1692214976.552352
1692214987.7633898
1692214996.6177678
1692215008.835553
1692215006.2036378
1692215007.6623049
1692214985.306444
1692214974.4383118
1692214969.59442
1692214982.008857
1692214974.783623
1692214988.4632778
1692214976.893415
1692214957.542965
1692214976.805472
1692214968.081351
1692214959.83018
1692214964.5186648
1692214969.4686608
1692214962.333915
1692214972.199836
1692214981.396306
1692214983.171954
1692214983.7726278
1692214957.798995
1692214934.097364
1692214948.318636
1692214941.5776348
1692214955.9451518
1692214951.541275
1692214978.8313599
1692214968.938664
1692214973.110563
1692214981.042737
1692214994.783793
1692215013.39889
1692215021.4264278
1692215012.3030128
1692215018.0413508
1692214990.4041429
1692214990.588074
1692215008.195428
1692214997.583143
1692214996.594296
1692214970.4496
1692214969.360533
1692214928.8110678
1692214926.1379259
1692214920.395846
1692214937.472468
1692214925.1433148
1692214916.3499038
1692214938.332551
1692214976.3120499
1692214968.163601
1692214936.247269
1692214937.028061
1692214927.164234
1692215065.226389
1692233709.782475
1692233726.238348
1692233806.3222399
1692233829.164379
1692233845.2414758
1692233868.373075
1692233858.1170669
1692233822.7058308
1692233824.765959
1692233818.6636639
1692233809.2563949
1692233806.4785118
1692233802.725159
1692233801.6018538
1692233805.1467738
1692233827.797134
1692233820.286206
1692233809.276799
1692233794.921752
1692233776.83476
1692233781.234493
1692233770.294119
1692233779.978637
1692233775.845459
1692233779.280221
1692233767.028921
1692233771.739202
1692233759.491827
1692233764.801703
1692233768.6548429
1692233757.691534
1692233769.449993
1692233773.000185
1692233764.059646
1692233765.848851
1692233769.1283228
1692233760.681654
1692233764.1280708
1692233767.626322
1692233773.139936
1692233768.002806
1692233775.6464798
1692233787.264482
1692233781.532739
1692233776.2016509
1692233788.0051
1692233793.889134
1692233813.355094
1692233782.488703
1692233810.2831569
1692233794.934139
1692233786.710031
1692233799.232506
1692233784.36228
1692233775.702617
1692233779.90266
1692233785.814143
1692233793.704123
1692233834.970932
1692233824.8642728
1692233835.294937
1692233851.109187
1692233811.681489
1692233789.571497
1692233796.353168
1692233788.1178908
1692233807.876001
1692233793.060827
1692233779.16284
1692233799.476281
1692233802.8417509
1692233796.133695
1692233803.825882
1692233798.993855
1692233787.875767
1692233795.122372
1692233787.29743
1692233802.170446
1692233809.569602
1692233815.8696449
1692233813.390641
1692233824.6432478
1692233848.393039
1692233840.465674
1692233835.2044928
1692233869.6165829
1692233843.5742018
1692233828.2733529
1692233821.128557
1692233810.120383
1692233816.003618
1692233807.935798
1692233824.535127
1692233828.396195
1692233820.6711068
1692233819.290129
1692233829.715669
1692233841.3392599
1692233820.0572948
1692233810.9196138
1692233810.8506448
1692233838.7448828
1692233845.197553
1692233852.032039
1692233859.3084738
1692233867.3895118
1692233871.211897
1692233869.659044
1692233877.489364
1692233843.7322688
1692233839.74893
1692233845.821008
1692233798.02063
1692233794.6801
1692233807.75649
1692233811.129909
1692233792.595435
1692233798.712337
1692233782.446874
1692233787.5096579
1692233788.98631
1692233812.890527
1692233808.1795309
1692233852.664295
1692233856.949663
1692233842.727867
1692233870.039538
1692233852.817515
1692233860.1886098
1692233873.7601888
1692233856.610508
1692233850.2486708
1692233849.4460208
1692233846.894579
1692233819.675464
1692233815.43778
1692233811.44577
1692233795.954192
1692233801.040354
1692233813.735493
1692233817.0712109
1692233824.820562
1692233827.396108
1692233852.6858308
1692233855.785171
1692233824.754901
1692233840.560494
1692233821.6025639
1692233811.649689
1692233820.547329
1692233803.3158379
1692233805.1201038
1692233797.979749
1692233815.153102
1692233811.289417
1692233806.76144
1692233800.8152308
1692233791.9615839
1692233792.2508838
1692233801.983456
1692233795.7314348
1692233792.297569
1692233781.0082178
1692233801.7403798
1692233798.3104298
1692233796.642333
1692233792.059628
1692233810.864683
1692233811.411891
1692233811.615867
1692233807.919378
1692233792.396539
1692233800.865082
1692233803.987653
1692233789.043187
1692233781.2295818
1692233791.3032439
1692233792.9401488
1692233790.008776
1692233804.673485
1692233797.526435
1692233792.758391
1692233790.51491
1692233802.5694249
1692233802.345177
1692233786.404183
1692233792.894132
1692233816.323318
1692233833.178089
1692233816.258967
1692233822.811878
1692233802.733739
1692233796.3542728
1692233783.354419
1692233792.5451179
1692233764.876572
1692233768.6583788
1692233783.5712268
1692233768.910667
1692233778.518035
1692233785.1127129
1692233778.3393228
1692233780.451444
1692233767.859937
1692233756.696133
1692233777.551353
1692233772.3476138
1692233765.265936
1692233771.03224
1692233776.559026
1692233766.480016
1692233771.3561668
1692233759.316988
1692233763.996836
1692233767.928249
1692233763.5971038
1692233767.183724
1692233776.81739
1692233764.240247
1692233781.291854
1692233767.772687
1692233793.8393588
1692233783.540932
1692233767.360136
1692233769.265909
1692233779.4186308
1692233810.396046
1692233812.5244238
1692233818.84034
1692233834.0382268
1692233799.8147879
1692233788.9733598
1692233785.378176
1692233796.574499
1692233797.997807
1692233789.148247
1692233798.294834
1692233796.325896
1692233779.6533298
1692233812.150724
1692233845.569725
1692233883.651908
1692233888.230408
1692233899.68535
1692233900.528504
1692233891.1683428
1692233846.8952909
1692233809.0749528
1692233804.273993
1692233781.814642
1692233768.763334
1692233791.22527
1692233760.921612
1692233771.099732
1692233768.227119
1692233777.1941118
1692233765.073416
1692233767.386379
1692233766.078565
1692233767.551396
1692233774.176554
1692233756.0484588
1692233762.668896
1692233762.987752
1692233769.176426
1692233753.950356
1692233760.291971
1692233777.372752
1692233786.0971348
1692233769.584852
1692233790.4127378
1692233806.0518608
1692233844.762526
1692233835.619006
1692233834.7225208
1692233841.16217
1692233830.670974
1692233838.021757
1692233847.635349
1692233833.5931299
1692233820.804265
1692233847.448194
1692233815.2477279
1692233797.047145
1692233790.304906
1692233796.918403
1692233799.861078
1692233786.513377
1692233808.6680079
1692233772.679621
1692233782.6369028
1692233782.0266979
1692233776.3157299
1692233771.368974
1692233773.121007
1692233775.394394
1692233782.5324368
1692233799.898762
1692233787.322672
1692233815.09352
1692233816.1117718
1692233831.4699879
1692233819.459398
1692233813.994715
1692233799.1982598
1692233826.6205058
1692233827.791951
1692233830.159714
1692233839.994433
1692233842.0807219
1692233811.9617238
1692233806.226305
1692233812.676144
1692233806.643339
1692233788.467469
1692233797.216934
1692233803.3383
1692233802.921464
1692233797.1217759
1692233824.039543
1692233816.977792
1692233804.734633
1692233818.7550528
1692233808.7567039
1692233782.043004
1692233806.6823978
1692233791.956518
1692233774.314977
1692233770.5556538
1692233767.9949749
1692233773.6836178
1692233797.411316
1692233773.8422139
1692233774.558213
1692233794.9023368
1692233781.833597
1692233820.859979
1692233806.4756749
1692233807.875582
1692233806.858037
1692233799.431098
1692233775.57198
1692233781.575774
1692233773.2433329
1692233771.994832
1692233766.0667388
1692233774.1549659
1692233772.521456
1692233767.9944289
1692233775.905354
1692233760.253933
1692233780.628042
1692233780.165212
1692233761.77697
1692233770.769043
1692233783.4112759
1692233770.2224479
1692233772.4390929
1692233784.207279
1692233806.697625
1692233792.371793
1692233779.1015809
1692233796.53407
1692233811.6801069
1692233837.043558
1692233827.8844528
1692233822.49683
1692233811.414229
1692233816.479549
1692233782.50317
1692233782.165189
1692233785.4031758
1692233796.1003299
1692233792.174768
1692233795.9622169
1692233821.4501
1692233833.092686
1692233838.647966
1692233835.933992
1692233847.7345018
1692233820.2394369
1692233820.681084
1692233825.054162
1692233845.399092
1692233806.4759948
1692233811.7031689
1692233815.106834
1692233858.651789
1692233827.9357328
1692233850.035379
1692233832.6254559
1692233813.431387
1692233807.557143
1692233801.756728
1692233845.420214
1692233875.3142478
1692233849.36814
1692233866.9230928
1692233836.2552528
1692233825.0462148
1692233796.04685
1692233775.394986
1692233787.6864178
1692233792.059593
1692233788.7646868
1692233818.4315379
1692233786.427837
1692233779.655864
1692233794.9805079
1692233779.062193
1692233771.2930958
1692233766.0943239
1692233764.291787
1692233768.334589
1692233776.3493788
1692233775.778689
1692233768.052702
1692233771.853004
1692233784.3401198
1692233758.6301649
1692233801.457902
1692233787.605929
1692233785.027998
1692233777.656246
1692233792.165165
1692233815.981412
1692233827.33795
1692233812.482126
1692233799.6879308
1692233785.371858
1692233772.253083
1692233794.6720319
1692233804.023018
1692233795.9769368
1692233807.506343
1692233775.5806808
1692233788.0823898
1692233792.5996099
1692233814.5253189
1692233802.325047
1692233809.7981398
1692233814.5976388
1692233807.4958758
1692233819.134485
1692233811.6869268
1692233822.942379
1692233823.0964558
1692233829.6077058
1692233818.41495
1692233825.8187969
1692233813.612807
1692233817.8720179
1692233823.926796
1692233833.101681
1692233819.786257
1692233820.9022388
1692233831.125808
1692233836.492157
1692233841.4501948
1692233826.796572
1692233817.765508
1692233812.8731039
1692233801.981423
1692233789.905088
1692233806.125306
1692233804.364709
1692233796.5557868
1692233784.964879
1692233788.60325
1692233774.534595
1692233784.654002
1692233785.245982
1692233788.2801309
1692233812.32558
1692233815.746906
1692233804.96877
1692233821.893786
1692233803.357656
1692233793.714182
1692233784.987733
1692233783.429221
1692233793.300638
1692233784.698483
1692233789.546941
1692233789.7863388
1692233777.385182
1692233786.441392
1692233785.6472049
1692233775.8327699
1692233778.397539
1692233770.085587
1692233792.261379
1692233801.7722359
1692233824.4754179
1692233825.9135568
1692233843.84248
1692233838.832376
1692233856.0001779
1692233860.2587118
1692233865.960774
1692233874.526376
1692233866.5449739
1692233844.5228488
1692233835.593704
1692233828.269587
1692233833.691805
1692233837.851466
1692233855.811929
1692233835.0004258
1692233818.065589
1692233840.547339
1692233831.588197
1692233820.324795
1692233824.9921389
1692233829.490602
1692233819.298928
1692233830.359678
1692233848.4349189
1692233840.9799528
1692233833.7064888
1692233815.2496328
1692233797.071883
1692233813.095903
1692233802.194094
1692233816.4768898
1692233816.392752
1692233833.823202
1692233827.2423708
1692233834.1884398
1692233847.986459
1692233857.142017
1692233869.202591
1692233880.361132
1692233870.517252
1692233877.760778
1692233852.688108
1692233850.671748
1692233859.875656
1692233856.023362
1692233853.518172
1692233829.7131069
1692233818.65182
1692233788.5954108
1692233785.4339728
1692233776.041122
1692233793.501248
1692233786.740784
1692233773.320163
1692233793.187423
1692233796.281797
1692233801.6830928
1692233794.5559359
1692233796.2245429
1692233785.611258
1692233924.415556
1692252568.6162748
1692252579.631629
1692252669.020341
1692252687.4439049
1692252694.664505
1692252718.741642
1692252709.156045
1692252681.993707
1692252707.182262
1692252679.365414
1692252676.0512378
1692252668.1033418
1692252665.197208
1692252662.8725069
1692252666.7216039
1692252664.349797
1692252688.441506
1692252674.917934
1692252669.885143
1692252654.098616
1692252639.1161408
1692252641.341218
1692252633.2132049
1692252649.938932
1692252634.996304
1692252639.85131
1692252625.423755
1692252631.587044
1692252621.994421
1692252627.6001039
1692252629.32811
1692252617.1087039
1692252622.8012009
1692252628.0477219
1692252624.8764899
1692252627.865188
1692252627.977891
1692252620.271088
1692252624.8428478
1692252640.417363
1692252633.769624
1692252633.495283
1692252634.903579
1692252640.6838648
1692252629.1322799
1692252634.63182
1692252642.763599
1692252645.346047
1692252645.967754
1692252633.386494
1692252664.998128
1692252649.712962
1692252641.024674
1692252649.195731
1692252638.4357798
1692252639.462411
1692252642.347486
1692252644.45122
1692252651.585851
1692252691.276602
1692252684.919662
1692252696.546566
1692252705.5557148
1692252664.655288
1692252646.444458
1692252656.0706348
1692252652.356328
1692252666.569597
1692252652.73278
1692252647.239568
1692252664.693903
1692252665.73921
1692252656.485385
1692252661.6658678
1692252662.09957
1692252647.3598409
1692252674.8888938
1692252645.7125208
1692252677.596086
1692252692.064935
1692252678.701659
1692252672.9857988
1692252690.446651
1692252712.039908
1692252713.6070368
1692252702.3857338
1692252736.3519628
1692252706.947144
1692252710.837033
1692252681.901314
1692252671.729596
1692252677.462889
1692252670.684095
1692252686.209226
1692252688.249707
1692252679.85614
1692252679.232359
1692252690.6774979
1692252694.090354
1692252682.27352
1692252693.985216
1692252662.943568
1692252700.394434
1692252704.726115
1692252714.361069
1692252722.949452
1692252728.244215
1692252734.776948
1692252725.901068
1692252731.7266269
1692252702.4180129
1692252692.064394
1692252701.73177
1692252665.885977
1692252657.333992
1692252667.731035
1692252668.1910498
1692252640.8778758
1692252663.033226
1692252643.877955
1692252650.765965
1692252648.3426929
1692252670.975015
1692252668.079047
1692252723.357854
1692252715.6714768
1692252707.6296399
1692252733.773907
1692252708.661913
1692252713.24907
1692252737.5698109
1692252701.400632
1692252710.201222
1692252709.471814
1692252709.417435
1692252681.781168
1692252674.012691
1692252666.741443
1692252671.2615058
1692252664.9245448
1692252671.8043818
1692252682.987304
1692252690.1746938
1692252684.854285
1692252707.639839
1692252704.255533
1692252682.3733509
1692252697.793812
1692252680.262964
1692252668.679859
1692252678.149751
1692252662.822383
1692252655.616057
1692252657.9477248
1692252676.130128
1692252668.824997
1692252657.6654608
1692252658.668865
1692252652.273934
1692252658.501338
1692252660.5894978
1692252655.1873019
1692252650.5626018
1692252648.1229858
1692252654.217846
1692252644.960634
1692252661.854903
1692252653.6546478
1692252663.944166
1692252671.855079
1692252653.672237
1692252658.7190828
1692252645.937703
1692252662.241968
1692252651.91618
1692252645.3022878
1692252641.6454349
1692252652.114801
1692252652.29971
1692252648.8052878
1692252661.972756
1692252652.9493508
1692252647.158638
1692252647.344771
1692252663.37708
1692252656.6930048
1692252647.882696
1692252649.1277978
1692252675.2406569
1692252714.6052308
1692252688.9605598
1692252686.151594
1692252680.3389108
1692252684.262363
1692252651.9047549
1692252674.1780999
1692252628.299727
1692252628.190981
1692252645.3039348
1692252631.8702629
1692252637.320328
1692252652.263769
1692252630.363097
1692252637.90991
1692252632.7197468
1692252619.8480148
1692252630.131826
1692252642.460417
1692252628.367439
1692252637.1945748
1692252640.2313778
1692252626.53382
1692252630.872982
1692252622.371316
1692252624.340277
1692252624.931352
1692252626.4846568
1692252632.839551
1692252635.9773018
1692252624.4360318
1692252639.99855
1692252632.821368
1692252656.094872
1692252640.5878868
1692252628.009546
1692252630.5362709
1692252636.830108
1692252662.5227668
1692252676.1191869
1692252683.0284
1692252708.69166
1692252660.229146
1692252648.7595959
1692252649.0287979
1692252657.1404989
1692252678.3745558
1692252646.6555898
1692252650.9723918
1692252657.7752929
1692252644.1341698
1692252671.024351
1692252710.674553
1692252741.352176
1692252746.996398
1692252756.054069
1692252760.645818
1692252734.731776
1692252702.0474
1692252679.042037
1692252663.7850459
1692252640.951851
1692252643.655629
1692252644.504258
1692252627.828017
1692252639.284179
1692252636.5778189
1692252620.359644
1692252625.056655
1692252631.9269
1692252613.841063
1692252618.8635519
1692252637.850441
1692252608.206604
1692252611.2936258
1692252615.839994
1692252620.8977978
1692252619.19148
1692252621.599968
1692252629.04705
1692252633.0295448
1692252634.663815
1692252644.968222
1692252665.034832
1692252702.9745228
1692252693.788013
1692252691.3260999
1692252690.7961168
1692252685.5017788
1692252691.285455
1692252704.17715
1692252691.570701
1692252679.777982
1692252666.428905
1692252664.4371789
1692252651.1128929
1692252652.1158068
1692252658.8328729
1692252660.5959249
1692252647.0182009
1692252673.913183
1692252632.620184
1692252638.8217568
1692252636.121057
1692252632.096665
1692252631.4001029
1692252638.123955
1692252640.005187
1692252641.9993079
1692252666.0116909
1692252651.5975668
1692252674.9465978
1692252685.0560808
1692252690.47366
1692252679.544631
1692252685.679617
1692252657.4467978
1692252685.146301
1692252701.766213
1692252706.047487
1692252705.923359
1692252700.721587
1692252673.392077
1692252662.817535
1692252673.981031
1692252667.605562
1692252653.4080179
1692252652.524538
1692252657.513609
1692252663.127594
1692252646.099362
1692252672.4610689
1692252675.146184
1692252664.42868
1692252682.086906
1692252665.8890688
1692252639.2359538
1692252634.939519
1692252636.581688
TIMES
8578.58873
8581.287967
8583.388826
8604.454518
8630.820742
8653.327293
8702.177367
8720.087637999999
8749.690569
8776.383546
8801.773937
8831.945829
8870.117529
8901.008822
9661.697973999999
9666.976351
9746.628928
9764.376945
9783.837250999999
9891.450729999999
9906.876037
9950.414917
10001.937581
10040.234828999999
10080.262592
10105.179844
10166.401848
10197.617973
10221.59766
10244.820343
10282.758294
10302.833084
10325.867516
10358.176689
10407.293381
10442.043939
10832.834468
10872.861718
12714.511633999999
12740.604444999999
12825.923229999999
12860.591926
14678.425970999999
14915.838075
14956.640128
15626.347832
15655.60764
15673.088254999999
15734.283689999998
15741.612062
15762.232780999999
15783.457413999999
15802.691072
15825.589387999999
17262.533102999998
17369.615789
17389.31212
17420.976171
17478.889660999997
17501.477575999997
17528.449144
17562.580728999998
17612.66996
17697.702308
17759.256618
17796.251968
18859.823371
18897.63481
18958.634846
18966.396130999998
18996.98733
19032.421738
19072.78619
19133.188769
19464.550013
19495.47003
19532.387054
19553.046061999998
19594.317192
19618.166126
19662.38841
19674.105806
19704.34908
19735.783359999998
19783.741703
19797.057741
19817.081044
19843.917315
19875.355852999997
19903.717754999998
19923.285807
19978.913144
20002.756206
20036.795274
20063.378778
20144.170052999998
20178.491495
20200.510076
20236.140144
20499.14608
20583.022177
20622.334236
20683.872528
20784.532922
20806.834848
20823.312113
20851.165102
20923.955781999997
20948.951749
20969.475764
20994.339636999997
21017.745151
21041.456872
21075.148917
21093.375995
21116.066712
21140.918357
21162.923906
21183.837836
21214.362413
21238.211509
21250.321127
21275.172978
21293.647483999997
21321.968087999998
21363.622875999998
21392.346093
21416.753854
21460.218364
21467.780488
21486.081487
21550.820789999998
22022.934014
22090.15027
22127.113277
22183.223796
22223.337057
22264.428051
22281.257136
22555.606991
22624.260539
22642.035321
22662.45253
22685.773781
22718.968785999998
22725.877549
22744.433999
22773.990431
22800.362458
22835.460259
22883.551636
22939.270864
22961.612543
22993.853515
23028.842623999997
23066.149738
23112.389722
23158.802970999997
23175.244177999997
23216.446351
23241.481254
23271.916616
23340.78615
23358.067681
23380.313779
23400.786513
23439.397062
23515.694165999997
23524.476683999997
23550.655205
23574.355781
23594.098126999997
23635.402406999998
23672.510952
23691.494914
23735.426057
23772.463542999998
23814.313626
23835.321075
23874.973992
24017.699334999998
24121.607701999998
24143.885305
24166.556081
24192.334663999998
24319.502161
24842.142681999998
24870.480271
25489.683611999997
25523.540027
25561.329126999997
25603.532825
25636.461816
25696.514988
25712.909035
25737.338872
26214.721814999997
26240.717118
26261.573417
26337.935362
26362.129209
26393.680607
26418.266977
26449.454773999998
26496.182700999998
26528.436517
26582.65666
26631.376586
26666.839517999997
26722.834316999997
26847.997003
26870.599308999997
26898.458752
26921.97697
26945.132912999998
26972.725404999997
27051.592580999997
27073.190478999997
27100.276549
27118.372525
27145.81271
27165.474288999998
27191.421895
27216.138392999997
27253.871786
27259.558589
27303.554748
27306.435709999998
27338.811771999997
27375.11033
27422.975666
27444.351507
27463.100134999997
27481.399671
27514.309586
27561.623327999998
27590.400862
27614.019851999998
27630.920353999998
27660.362533
27692.800524
27732.556817999997
27763.408572999997
27936.58696
27961.286911
28008.199478
28042.971675999997
28078.503902
28099.645686
28139.664188
28179.488113
28216.182925999998
28242.463246
28284.320665
28318.202768
28360.995687
28395.737278999997
28440.209210999998
28478.786049
28506.591621
28527.568821999997
28562.090914999997
28593.396928
28619.116056
28639.323785
28678.210814
28706.411826
28729.090095
28754.556196999998
28771.164584
28810.283033
28832.479101999998
28859.026388
28916.030912
28949.487643999997
28972.079961
29006.555645
29032.302282999997
29059.209641999998
29083.397473999998
29110.701985
29145.712594999997
29169.443234
29190.585129
29215.891796
29240.733315999998
29264.596010999998
29296.525083
29316.383694
29346.138919999998
29369.582721
29407.307968999998
29453.101726999997
29491.754407
29515.860547
29545.975391
29602.958626
29640.228008
29695.422717999998
29736.011709
29778.147285
29815.763758999998
30493.184686999997
30810.303404
31098.100037
31124.330453
31194.394342
31236.132362999997
31271.625662
31299.604882
31321.434843
31350.125766999998
31364.48089
31397.489835999997
31419.248652
31455.773049
31482.259089
31500.27751
31543.822106
31573.402456
31620.170998999998
31630.023052999997
31662.000701999998
31706.067512999998
31724.321485999997
33533.050396
33552.749057
33663.131981
33698.892313
33729.777362
33768.113425999996
33812.565262
33847.961637
33925.668102999996
33997.447385
34034.52192
34061.363941999996
34143.985178999996
34163.916465999995
34196.228571
34210.390488
34238.809988
34283.407295
34285.735841
34308.857723
34330.268551
34353.719317999996
34376.267156
34401.918098
34421.538988
34443.163512
34463.697715
34486.181900999996
34510.66482
34533.612246
34558.040415999996
34577.423256999995
34597.889288
34626.003159
34645.827823
34672.447893
34688.548283
34712.195321
34732.938365
34760.126676
34781.495192999995
34807.088634
34832.204516
34865.664519
34892.371779
34951.320863
35015.982224
35019.601486
35041.622462
35091.292954
35148.957783
35194.296067999996
35224.169151999995
35252.084474999996
35280.089993
35313.544258
35342.407773
35397.10163
35437.427828
35454.227682
35471.906191999995
35501.30678
35654.018704999995
35681.57012
35709.240321
35781.30701
35797.486908
35834.577752
35862.386946
35895.751912
35938.525674
35981.333384
36017.057246
36123.971016999996
36144.968226
36153.356597
36161.962919
36195.390351
36230.740654
36272.358903
36290.297963
36356.774541
36395.968999
36400.113983999996
36429.769324
36476.835541
36494.210574
36534.331700999996
36563.8387
36658.986078
36660.569275999995
37213.042684
37251.431943999996
37290.628419
37323.878123999995
37389.589592
37424.051862
37523.879531
37552.471942
37646.829765999995
37685.283885
37724.704097999995
37756.464629999995
37807.193623
37837.632091
37856.933249
37884.832808
37930.579104
37992.798436
38029.930769
38071.453309
38100.052561
38161.342175
38220.597812
38261.046841999996
38300.436802
38321.26715
38341.530781
38379.919756999996
38412.521313
38439.462622
38480.396456999995
38513.522133
38536.216657
38559.364085
38598.882883
38620.245274
38656.393647
38682.843172
38704.549116999995
38734.366351
38774.676679
38783.649633
38835.02639
38862.177593
38887.695102
38922.144554
38945.975354999995
38974.051431
39006.042632
39038.362064
39060.787509
39086.390374999995
39116.340001
39142.358401
39175.911265999996
39205.861623
39238.21351
39261.584749
39294.109433
39322.834237999996
39355.906617
39383.153825
39406.772417
39442.077561
39481.919515
39541.174578
39563.665864999995
39571.472656
39606.872042999996
39620.181721
39644.798091
39664.559178999996
39692.426661
39710.31378
39754.708233
39768.869259
39790.960677999996
39812.025871
39829.292989
39854.110411
39877.815961
39910.508667999995
39945.848227999995
39949.952810999996
39967.559723
40002.619151
40029.591065
40048.08229
40063.532554
40087.801343
40108.527799999996
40128.359304
40155.327829
40182.186562999996
40203.402966
40225.295263
40260.36678
40283.481199999995
40316.460162999996
40324.133466
40347.828423
40366.677838999996
40405.742197
40537.157568999995
40540.382582
40556.849835
40593.532589999995
40609.531331
40652.101405
40678.511492
40703.595928999996
40711.918669
40742.082307
40793.232214999996
40828.924453
40883.503472
40953.372794999996
41001.884354
41042.3279
41084.934497999995
41131.393577999996
41148.620804
41172.944531
41203.785395
41218.25251
41246.595612
41282.835324
41287.011621
41312.697895
41326.627082
41349.105772999996
41372.070354999996
41411.045232
41415.520732
41433.045365
41458.703
41475.123972
41498.897145999996
41519.63128
41536.415936
41555.616636
41580.902433999996
41611.911383
41632.247501
41664.498762999996
41697.959097
41749.398324999995
41799.882291
41831.171998
41860.200916999995
41891.116732999995
41929.150778999996
41970.55973
42026.189290999995
42042.82227
42083.879793
42108.141517
42145.907199
42158.956829999996
42202.266007
42223.268156
42253.360274
42266.556424999995
42315.570289999996
42339.036113999995
42347.918995
42376.632484999995
42381.998095999996
42407.738841
42440.083951
42459.462908
42500.53412
42527.827302
42547.917677
42597.238927
42630.974428
42674.365793
42699.960987
42731.131013
42746.451405
42809.250188
42848.990123999996
42880.282522
42901.648666
42939.377473
42976.913813
43002.469385
43024.435518
43052.650860999995
43086.112216999994
43122.770362999996
43152.732197
43177.786844999995
43201.252583
43242.637409999996
43282.114215999994
43304.211616
43336.136064
43356.021649999995
43382.549799
43426.030499
43431.119927
43455.659664
43472.157396999995
43506.920264
43531.874538
43563.19306
43581.998523999995
43600.423799
43624.798847
43657.979393
43706.633163
43729.544595
43882.885807
43907.629318
43932.086484
43950.163779999995
43967.143734
43998.317944999995
44019.066505999996
44049.330443
44070.021398
44082.669599
44100.4487
44123.611541
44170.545947
44189.93777
44200.048750999995
44238.620737
44296.355594
44298.048611
44315.967102999995
44352.551703
44390.709187
44422.015815
44473.054131
44495.344567
44523.630162999994
44558.110608999996
44574.809581999994
44601.084938
44632.379594
44657.536983
44683.383019
44703.435345
44772.800357
44800.362529
44834.790215
44862.515163
44938.851654
44952.60638
44975.657050999995
45002.250394999995
45042.438605999996
45073.639972
45102.523805
45120.357237
45203.908436
45225.38609
45255.580803
45284.429243
45312.012613
45356.850246999995
45398.126604
45442.92086
45491.918902
45531.588954
45584.632338999996
45602.824421
45623.229446
45642.403838
45673.315127999995
45696.525817999995
45712.674781
45738.789340999996
45762.370915
45790.369833
45810.215981
45844.448081999995
45872.513009999995
45874.708266
45891.241754999995
45924.460028999994
45943.63559
45982.683541
45985.7121
46004.690636
46032.794282999996
46078.099169
46080.914281
46119.431218
46121.173028
46175.839067
46178.091845999996
46198.782416999995
46240.549694
46284.029341999994
46311.400418
46328.033837999996
46345.697328999995
46377.298597
46420.399957
46440.689859
46469.997392
46497.391081999995
46517.458586
46552.245020999995
46591.580128999994
46629.513791
46654.653498
46691.838359999994
46723.815143
46766.133591
46797.535093
46828.522442999994
46874.69489
46913.113086
46934.520981
46966.626490999995
47004.359333
47048.255117
47078.788607999995
47107.647652
47155.650595
47181.411926
47209.971419999994
47253.849834
47297.559744
47339.504273
47364.112728
47385.23761
47422.120448999995
47456.130765999995
47476.495461
47501.463555999995
47538.148718
47562.718582999994
47583.790123
47609.94547
47633.38172
47667.894367
47697.568085
47755.958884
47764.049035
47817.963502
47843.476990999996
47874.693065
47900.056364
47919.773633
47939.259219
47970.873082
48013.476572
48023.236979
48053.560307
48074.657565
48103.164378999994
48131.180523999996
48160.205395
48180.328197999996
48202.209176
48227.054809
48264.655610999995
48311.704192
48351.775738
48376.844994
48407.489336
48464.508718
48504.732977
48568.862395
48594.064870999995
48650.969342
48680.290616
49247.283061999995
49288.376669
49353.420676999995
49510.184188
49543.13557
49625.403468
49668.424724
49713.287963999996
49757.995531
49820.066464999996
49864.263826999995
49903.324919
49944.896548
49983.281982
50039.332893
50081.542867
50123.811224
50156.708755
50184.026878
50215.884106
50225.718919
50257.128094
50283.997639999994
50313.761882
50337.867748
50361.664104999996
50398.408449999995
50431.481798
50458.313075
50484.563367999996
50520.280191
50543.95128
50587.637506
52393.007346
52417.348567
52520.788866999996
52563.035624
52590.474523
52628.867854
52669.382739
52711.961819
52776.557238999994
52833.974761
52861.548765
52890.239974
52920.939578
52954.053197999994
52999.139347
53017.517421
53051.329566
53063.701088999995
53095.264091
53122.383895
53152.087143
53169.438639
53195.024921
53220.170972
53238.568699999996
53260.514457
53283.630827
53318.318998999996
53334.316013999996
53344.559780999996
53378.404033
53394.602196
53420.302628
53441.204361
53457.392881
53500.386543
53502.264646999996
53523.099493999995
53554.356091999995
53579.773782
53602.440153999996
53619.917504
53641.127843999995
53677.568993
53696.108672999995
53730.499873
53744.900884999995
53763.885354
53807.241622999994
53811.425093
53864.534083
53865.747991
53877.134855
53897.106466
53921.843751
53943.291495
54003.272064
54054.454537
54083.31116
54115.324872
54140.449402
54166.642589999996
54198.224038
54220.630471
54248.719271999995
54279.673171999995
54303.98323
54323.991543
54359.434111999995
54396.141422
54424.058877999996
54449.851623999995
54477.481115999995
54515.941995999994
54541.439432
54564.982312
54600.106653999996
54643.50105
54683.216023
54706.458394999994
54742.280194
54796.98396
54823.506174999995
54864.848548999995
54924.835448
54941.613907
54980.454636999995
55005.766672
55040.442902999996
55083.338619999995
55110.957927999996
55137.366412999996
55193.954008
55222.433709
55248.274183999994
55284.135377
55332.120433
55354.346591999994
55383.209475999996
55409.472808
55477.387860999996
55513.769158999996
55557.639683999994
55655.198785
55695.120566
55742.676239
55795.752573
55814.832278999995
55843.040990999994
55881.631013
55903.883679
55929.763957999996
55965.894813
55984.432814
56009.390928
56051.132944
56069.821900999996
56080.440189999994
56114.767361
56155.277958
56184.042442
56248.533873
56288.919016
56329.965109
56388.030877
56414.394618
56454.602578
56506.191644
56545.983568999996
56583.06157
56614.494072999994
56666.152271
56688.947874
56716.166608
56746.142983
56781.818853
56821.667822999996
56850.756379
56883.689832
56921.996539
56960.836082999995
57014.724540999996
57091.950236
57121.552468999995
57156.584197
57203.322437999996
57227.450353
57240.535146999995
57268.843864999995
57298.808817
57335.349495999995
57364.546171999995
57385.123494
57424.398927999995
57447.87631
57496.230995
57511.118441
57531.136870999995
57561.923718
57590.184932
57618.079254
57640.650834
57687.65423
57717.930262999995
57744.831420999995
57781.363228999995
57799.057187
57823.412426999996
57860.927893
57894.957362
57919.637902999995
57948.471514
57975.125482999996
57998.742693
58037.302111
58066.590934
58096.836334
58119.317209
58154.313567
58180.36455
58217.682501999996
58243.807719
58264.624044
58298.592042
58353.498061
58398.637909
58415.968486
58428.938129999995
58473.923096
58487.968317
58500.930516
58521.401814
58543.531296999994
58571.562492
58601.273283999995
58624.696069
58643.642652999995
58664.669914
58683.937015999996
58709.778108
58736.610532
58761.086038999994
58796.305014
58816.950264
58834.938795999995
58859.659176999994
58895.269687
58897.428137999996
58925.969054999994
58946.021796
58964.276225999994
58987.612764
59015.526666
59033.674375999995
59063.463920999995
59083.117528999996
59109.698052
59135.272004
59175.820134999994
59195.472397
59204.4972
59223.430017
59267.08622
59315.121176
59335.814409
59381.812310999994
59410.212883
59424.131426
59449.203862999995
59466.692041999995
59534.410366
59536.677578999996
59557.364263999996
59573.777012
59600.807697
59643.347062999994
59691.389921999995
59740.515039
59808.831766999996
59852.489574
59900.406391
59946.017381
59986.028145
60024.072597
60040.039476
60053.299005
60072.42636
60108.966610999996
60120.951990999994
60139.392955999996
60163.481138999996
60197.772443999995
60220.523459
60239.596353
60242.373021
60263.191697999995
60295.415037
60324.049806999996
60341.412031
60353.362382
60374.036431
60395.324285999995
60415.067495999996
60444.673296
60472.858732
60493.893124999995
60521.966287999996
60554.181407
60602.066188
60654.342942999996
60680.092864
60716.139817999996
60753.012854
60784.123799
60833.263845999994
60876.929136
60896.753781
60957.395773
60959.254592
60998.253572999995
61015.25328
61058.544116
61099.06879
61101.128159
61123.626405999996
61169.699486
61179.603752999996
61202.653674999994
61239.086408999996
61244.712588999995
61272.988790999996
61298.212799
61320.76481
61359.086903999996
61399.088239
61418.143415
61458.050877999995
61493.305728
61535.671265
61557.351267
61588.685528999995
61620.788291
61673.943547999996
61698.268572999994
61732.510025999996
61772.872141
61795.539032
61836.018481
61859.964517
61884.577021
61909.817039999994
61947.476127999995
61988.097574
62013.663087999994
62038.992688
62062.367671
62108.940761
62144.642153999994
62167.283067
62209.561601999994
62222.083091
62241.317417
62265.347307
62283.451157999996
62315.302056
62335.398491
62363.572797
62383.18187
62414.588785
62434.46836
62454.804565
62492.445621
62515.453884999995
62562.806991
62585.299609999995
62614.549964
62636.77368
62659.486922
62691.641063999996
62716.607435
62734.887236999995
62757.710719999995
62797.305208
62822.433171
62824.295644
62844.658122
62872.491421
62894.918590999994
62919.816028999994
62939.948583
62962.555369999995
62987.336618999994
63026.222872
63058.97156
63060.749551999994
63098.146767
63148.003775
63155.267421
63174.542603999995
63207.914256
63242.023031
63280.306274999995
63321.281036
63351.37478
63381.297504999995
63434.209889
63436.149812999996
63457.231987
63485.699910999996
63508.563862999996
63537.934779999996
63563.238006
63711.196792999996
63713.028355999995
63715.245811
63719.724928999996
63782.392970999994
63808.774310999994
63824.696436
63859.131188
63898.663711999994
63932.783061999995
63972.038448
63991.804592
64065.18436
64082.381725
64115.46228
64139.765557
64165.847985
64216.82107
64243.836655
64302.065647999996
64350.529374
64390.54251
64442.906478
64461.318008999995
64480.084523
64501.864458
64527.809957
64549.938981
64567.618437
64594.577805999994
64623.893611
64662.698762
64675.726372
64705.821179
64721.024958999995
64740.179857999996
64766.920741999995
64785.515498
64800.884198
64819.985714999995
64844.463134
64877.396588999996
64886.306908
64914.529147999994
64926.965952
64966.807065999994
64981.756287
65024.65693999999
65026.39404
65056.128002
65099.128818
65141.287985999996
65160.353148999995
65180.70218
65213.465666
65231.666077999995
65277.4393
65300.873923
65328.068864999994
65349.01455
65373.909642
65408.943682
65450.147646
65486.391206
65508.114138
65557.107038
65585.214163
65620.074398
65651.530463
65683.738962
65727.901136
65762.837292
65796.13784699999
65826.67831799999
65860.11134999999
65898.046756
65939.97317
65964.19303
66016.655304
66044.804729
66076.241716
66119.516202
66156.84204599999
66204.077765
66222.512013
66243.82242899999
66276.888531
66309.43736699999
66345.319307
66365.623622
66403.75627
66421.392819
66442.94493499999
66488.544837
66490.536029
66538.08976
66556.797246
66576.864671
66618.041891
66662.910015
66686.119459
66723.642978
66742.614157
66799.31999
66800.54570599999
66827.685031
66859.687981
66902.361307
66903.635921
66932.404832
66966.46588399999
66985.899661
67018.230981
67044.577273
67062.467096
67084.612723
67122.057846
67167.491862
67201.29210199999
67233.573333
67263.548568
67317.994552
67362.725047
67405.14240699999
67451.050036
67498.55190399999
67533.599854
67561.663778
67601.321594
67646.737538
67692.69600499999
67719.13258199999
67766.64816
67805.400536
67836.390739
67872.50219099999
67914.18182299999
67940.09147099999
67977.77077599999
68016.449182
68059.569475
68102.865487
68145.880635
68181.101811
68215.31956799999
68239.632973
68266.391403
68314.17867
68341.059597
68372.404797
68401.560623
68463.008643
68486.257685
68523.92453599999
68565.450034
68612.784092
68681.91896499999
68723.535295
68770.19731799999
68803.863661
68843.43220899999
68896.057691
68952.32006099999
68985.246097
69017.843786
69049.452133
69074.643921
69092.740196
69117.16705199999
69143.895202
69177.95549
69200.55984799999
69223.135085
69272.79169099999
69340.012002
69342.095535
69352.38339
69379.74900899999
69401.891779
69439.09557199999
71250.185684
71283.20154699999
71380.051264
71422.776253
71452.514381
71492.557399
71533.979018
71571.634645
71637.95916099999
71660.921091
71685.131872
71716.97804
71753.529365
71779.852291
71816.926018
71856.012158
71882.027101
71904.580139
71923.75428899999
71956.24608699999
71976.93992599999
71999.69446
72033.25955
72056.866124
72075.843688
72097.840182
72118.909524
72139.820453
72162.079432
72183.44976799999
72204.775899
72234.759828
72254.25517199999
72278.943355
72297.885755
72317.455607
72344.544812
72363.606677
72396.36704299999
72411.284212
72433.55329899999
72458.120482
72498.92589099999
72521.98619699999
72532.07759999999
72554.603659
72594.032869
72629.149531
72631.551662
72676.32405
72677.531513
72703.14360299999
72732.593899
72734.135435
72759.202299
72780.267177
72802.86296099999
72862.09952799999
72919.104629
72944.734577
72969.606395
73002.28047099999
73030.062705
73061.22897699999
73081.923293
73108.427322
73147.576927
73164.555855
73182.29802999999
73219.04751799999
73256.028573
73282.95563699999
73309.158788
73336.279391
73375.613996
73399.687824
73425.607899
73457.415686
73498.375139
73538.16290899999
73569.238102
73597.366536
73657.620644
73680.431816
73728.93718
73776.799203
73801.55378599999
73841.566355
73863.76080599999
73902.31708
73941.982828
73968.055303
74002.62417
74061.39601899999
74082.86039799999
74116.74008999999
74143.179172
74213.489078
74219.126615
74241.604347
74277.61377
74336.752941
74375.504611
74418.716519
74456.75224999999
74518.468158
74559.47688599999
74603.61183
74660.227818
74678.070282
74712.820352
74760.65793
74776.60119999999
74796.086517
74834.178197
74851.743395
74877.126869
74901.109419
74920.300691
74939.929774
74975.21371299999
75015.736141
75045.07399399999
75111.64116099999
75144.43717599999
75179.45737999999
75240.376091
75274.576454
75315.06803499999
75364.501252
75417.96818499999
75439.825141
75472.839978
75519.65753699999
75542.82553999999
75573.4117
75601.775342
75636.665535
75677.308399
75704.94575099999
75744.22761
75783.263541
75819.57180399999
75878.986745
75914.97035
75934.407827
75984.48372199999
76015.244799
76038.84267499999
76064.567018
76097.68676899999
76133.165879
76159.525775
76193.695469
76223.36136899999
76252.585012
76280.197464
76312.495763
76339.401639
76372.610116
76392.82974999999
76423.478426
76453.669986
76482.96989
76513.22576999999
76551.753243
76579.417137
76611.162228
76644.469373
76680.841521
76696.31302999999
76726.101604
76751.602895
76788.101756
76806.818199
76832.74394
76859.805044
76894.866883
76927.591351
76957.059236
76989.998503
77012.487602
77048.97057399999
77076.919003
77109.025929
77126.45324
77166.078349
77205.75130599999
77256.331102
77272.134596
77297.263991
77333.778897
77337.870108
77357.015718
77382.53057
77404.974575
77425.491391
77457.179855
77476.212277
77502.622519
77526.01181299999
77555.454032
77571.925223
77593.076405
77615.963726
77653.707327
77669.369009
77692.03637799999
77715.064611
77736.71625
77760.977012
77782.43721599999
77803.512424
77824.012749
77850.45877299999
77874.977523
77895.88429599999
77922.037296
77943.044576
77977.355562
77996.695138
78040.484545
78054.50682499999
78063.656764
78082.794731
78133.945088
78173.664277
78194.085037
78233.094012
78264.673108
78281.28025699999
78304.410045
78333.442377
78378.25424
78396.740641
78421.765317
78454.995016
78462.894592
78494.833722
78544.161695
78594.47308299999
78672.644993
78712.11102299999
78774.605044
78800.476577
78858.682587
78864.466734
78900.559631
78922.946731
78933.653092
78955.128736
78995.42677399999
78996.680737
79036.248425
79037.63803799999
79080.41658399999
79084.859254
79104.26344899999
79136.43908299999
79154.75386299999
79179.26332
79194.78956199999
79218.96102799999
79238.423757
79259.37989499999
79275.83428299999
79298.694894
79337.512752
79359.80127699999
79377.24651499999
79415.620043
79462.12531799999
79517.53804
79542.04009499999
79574.64519299999
79614.713389
79655.161564
79696.600412
79741.74908
79758.317136
79799.152
79856.08746499999
79858.635021
79872.926183
79917.710532
79942.21328499999
79961.803998
79979.944473
80023.905528
80034.893106
80060.162545
80093.018761
80112.50854699999
80133.750305
80152.23923199999
80170.902701
80211.211467
80245.422454
80269.39975899999
80310.85708799999
80345.48413099999
80394.683538
80416.784377
80444.25863699999
80462.999396
80524.063828
80558.660986
80594.711624
80624.769021
80658.309746
80694.15298
80721.994387
80751.161184
80772.781225
80804.809392
80847.416025
80871.396752
80906.356591
80934.57001299999
80974.953425
81001.497853
81024.748446
81053.466363
81078.676439
81100.722348
81159.80260499999
81171.55483899999
81177.63673299999
81192.33204899999
81221.83342
81244.460075
81292.73680299999
81295.90243599999
81313.565343
81350.446954
81370.916382
81427.114919
81448.653968
81480.44976
81495.986871
81546.46092299999
81548.529977
81571.687953
81596.87769
81612.489705
81640.09531799999
81666.681701
81684.09357
81709.18250899999
81735.360236
81751.838292
81789.018849
81805.949117
81820.378029
81847.29317199999
81893.96061899999
81900.47554
81917.22761599999
81959.639899
82016.97352
82034.574192
82039.12585299999
82073.964948
82111.77518699999
82149.289377
82189.773422
82217.588421
82238.973374
82280.866796
82297.234848
82311.240125
82348.02102
82380.40712399999
82408.76052299999
82429.695576
82485.720934
82531.357544
82555.42541
82587.50298199999
82650.886755
82668.714729
82687.169998
82723.565982
82764.7362
82789.859397
82828.86915099999
82848.113736
82925.826886
82946.50963999999
82984.101209
83002.129907
83032.195801
83079.415931
83103.449572
83164.790222
83211.78360499999
83252.315101
83302.45900599999
83340.281487
83357.051801
83371.47648
83399.224274
83431.58183499999
83452.477993
83476.355275
83522.72428499999
83532.782339
83535.090341
83580.247508
83591.286622
83602.156836
83604.584143
83636.428577
83657.227017
83682.109604
83698.28782499999
83724.277816
83744.82182
83777.328021
83791.925253
83843.120211
83848.473929
83878.368876
83887.043827
83917.895305
83958.45658099999
84010.911223
84022.235153
84043.072173
84062.536541
84099.59649699999
84139.14775599999
84165.94179699999
84189.496816
84225.495582
84235.530112
84264.78245
84302.904619
84341.622142
84363.01157999999
84404.12078099999
84442.602503
84468.988805
84515.41438799999
84541.557948
84586.458244
84620.915667
84660.192298
84682.671164
84724.032521
84762.408457
84800.250917
84822.23466999999
84865.114519
84902.570993
84937.745624
84980.21071099999
85018.762492
85057.265541
85076.244125
85100.780606
85146.266498
85168.95929
85190.592475
85224.938792
85255.68629299999
85283.280703
85304.215034
85325.73198299999
85344.551393
85386.794877
85405.881589
85440.836566
85481.66135
85519.165737
85543.143751
85577.304991
85608.48793999999
85630.95676
85655.855493
85687.92769499999
85714.667686
85739.57105099999
85763.34980299999
85795.231367
85816.60444
85842.125913
85876.080951
85901.126765
85919.15896999999
85944.045462
85983.406531
86026.732486
86064.95382499999
86107.990633
86138.54183799999
86182.265843
86236.813408
86269.866373
86318.413405
86368.744225
86397.920846
86421.635411
86463.117955
86512.35169899999
86551.194303
86583.02309599999
86634.470001
86663.40898
86696.75663399999
86736.073958
86777.510923
86800.28956399999
86838.219696
86876.20858399999
86916.43358099999
86965.74403799999
87012.800836
87039.261372
87073.105514
87097.728381
87131.196476
87181.73465099999
87201.902118
87232.919516
87266.49970999999
87319.627557
87346.79360399999
87386.878442
87435.373165
87474.984614
87537.447991
87582.19132
87622.767517
87664.216617
87705.713668
87754.080435
87796.887284
87843.91520999999
87874.549367
87901.074276
87923.602759
87943.919289
87974.38887499999
87998.589383
88032.88154399999
88059.74522299999
88079.812406
88116.458703
88153.150815
88175.417997
88201.86394
88237.113206
88260.090048
88298.150289
90108.679517
90137.93846399999
90244.639566
90277.997423
90302.041774
90342.805026
90383.585629
90423.500624
90467.82669999999
90488.571058
90518.379729
90544.42893699999
90574.570438
90608.20724599999
90643.224083
90679.96646099999
90715.276523
90735.398707
90763.86618699999
90781.611628
90816.971121
90836.019776
90863.41497099999
90895.541355
90913.621136
90935.355375
90954.510866
90977.808314
91001.903412
91023.756035
91042.241797
91063.43046199999
91090.32083099999
91110.64018599999
91138.453417
91158.28408099999
91175.945069
91204.754303
91233.502111
91254.56023799999
91278.365773
91298.52255899999
91316.769775
91338.721286
91361.542269
91383.057915
91409.595598
91444.20846499999
91461.528928
91482.82514
91531.09544599999
91534.33479
91557.177667
91582.17248899999
91588.381219
91628.430794
91643.380202
91662.23660799999
91719.266899
91775.505865
91802.703931
91831.19372099999
91856.816695
91883.047301
91914.951262
91941.36477999999
91974.138843
92002.49712999999
92022.097503
92050.238573
92088.357256
92119.20745
92143.636786
92171.34294
92199.60871799999
92237.35832099999
92281.832371
92284.81829
92335.646882
92380.710633
92400.973227
92430.182372
92463.16052399999
92518.44565899999
92554.533425
92593.80499199999
92655.970506
92672.91122699999
92722.141191
92723.51968299999
92764.163728
92804.496328
92831.779568
92871.46048899999
92914.981665
92940.290558
92974.497429
93001.613048
93055.34168299999
93077.26411799999
93123.15813699999
93124.96480999999
93196.24635599999
93234.19559799999
93277.414276
93319.706525
93375.364806
93415.523649
93457.037587
93513.946396
93534.505116
93557.967909
93601.11650599999
93632.572306
93657.847633
93684.806931
93703.741073
93732.7226
93775.621347
93784.55208
93802.992191
93835.498899
93873.138675
93903.916596
93977.149737
94004.093297
94052.325585
94106.550097
94129.358339
94167.559256
94225.520651
94256.55043
94298.935955
94331.785892
94382.273854
94406.51701499999
94430.74342099999
94459.128143
94514.536245
94540.358243
94563.820223
94608.548155
94652.834838
94677.60270599999
94734.009095
94766.705386
94792.74370199999
94842.770884
94876.451139
94896.805207
94923.17545
94958.522656
94984.559291
95020.474563
95055.635094
95082.653251
95104.268615
95138.90250499999
95169.114477
95208.69495199999
95225.67726099999
95253.004437
95282.278079
95313.544058
95337.145857
95361.423063
95413.49231599999
95437.29544599999
95464.18040699999
95508.776632
95521.27853099999
95543.66557299999
95580.941058
95613.698343
95637.03373099999
95664.048319
95694.297372
95722.028757
95756.11728399999
95785.265564
95815.58881799999
95840.621396
95871.312712
95901.599101
95934.74679399999
95962.377779
95991.38687599999
96022.22720699999
96064.35462299999
96142.803978
96150.77380099999
96158.132915
96203.722316
96223.357403
96224.471187
96266.804875
96271.413743
96288.0278
96327.96708399999
96340.98804299999
96364.188919
96396.650199
96406.4751
96432.626491
96459.750254
96480.01110799999
96521.70017299999
96534.456051
96553.902281
96580.531886
96599.502849
96619.205819
96642.234849
96682.05837
96684.025927
96701.63257599999
96736.830078
96759.872817
96779.84604199999
96801.891072
96834.282503
96860.602957
96900.68729399999
96901.842469
96940.850676
96942.28847099999
96982.33683999999
97024.784856
97055.182257
97096.266479
97138.086096
97139.87262499999
97162.219978
97196.032223
97237.73713899999
97276.318938
97277.487197
97298.727998
97322.41178899999
97359.179521
97402.878124
97459.21319899999
97523.58088699999
97562.77756999999
97623.409007
97662.55635299999
97703.010719
97721.865783
97767.39304299999
97783.946034
97794.07938099999
97830.435528
97848.547027
97864.950016
97893.27578099999
97907.22511099999
97924.999013
97946.122663
97976.454228
97985.299873
98009.654237
98043.008986
98049.13580199999
98067.10789
98088.395656
98112.261405
98140.606739
98159.892106
98184.26219899999
98213.91036899999
98241.566675
98269.167565
98322.266326
98377.004562
98401.45776399999
98433.00038299999
98466.48593699999
98509.531085
98550.20463
98596.44356
98617.985477
98654.75316
98674.973468
98707.939356
98732.418639
98778.45599999999
98807.826311
98821.581547
98841.46429199999
98885.30858499999
98894.648645
98917.203623
98952.30260299999
98960.88004399999
99001.26155099999
99023.04355399999
99036.744329
99072.095407
99116.93422
99131.747361
99171.56129099999
99214.600813
99253.49773199999
99276.15901799999
99319.72419899999
99321.51834699999
99382.68629
99432.785739
99470.679641
99487.426857
99517.210626
99556.05516399999
99580.044192
99609.05187699999
99634.744892
99670.979427
99704.966072
99725.386931
99771.60927
99782.197053
99823.76632699999
99860.668209
99883.523464
99927.847364
99935.27163999999
99959.05588
99988.359633
100009.190469
